996.265
996.308
996.244
996.275
996.28
996.273
996.257
996.281
996.271
996.294
996.291
996.274
996.31
996.241
996.277
996.262
996.247
996.298
996.259
996.267
996.258
996.291
996.274
996.255
996.301
996.297
996.303
996.273
996.28
996.306
996.278
996.287
843.338
845.02
849.502
861.622
859.807
858.543
856.783
857.017
850.994
852.215
852.282
853.885
859.238
861.586
859.366
854.398
853.643
853.201
854.557
848.116
849.719
855.499
846.218
848.496
848.982
854.655
853.336
851.767
856.5
859.345
848.117
852.605
