996.306
996.279
996.244
996.287
996.278
996.272
996.313
996.283
996.266
996.293
996.301
996.312
996.32
996.298
996.272
996.263
996.293
996.298
996.249
996.237
996.263
996.292
996.285
996.297
996.325
996.258
996.303
996.275
996.318
996.273
996.252
996.261
853.706
850.71
856.575
845.227
852.271
852.602
854.156
857.724
857.942
863.198
855.203
856.353
852.686
846.407
849.585
851.28
856.018
858.355
854.286
857.098
856.81
856.024
857.728
857.567
851.01
850.086
848.888
857.527
852.761
849.488
855.412
858.549
