996.286
996.308
996.274
996.293
996.284
996.283
996.248
996.284
996.298
996.291
996.275
996.3
996.244
996.286
996.301
996.281
996.275
996.279
996.243
996.286
996.29
996.272
996.296
996.316
996.285
996.287
996.296
996.299
996.315
996.301
996.28
996.281
850.9
848.451
846.207
859.279
851.924
851.47
844.867
846.819
853.862
856.626
859.778
861.959
853.65
861.225
859.854
863.503
856.721
855.089
850.545
859.132
862.181
858.257
855.376
855.53
856.435
855.057
853.535
853.97
858.795
853.196
854.382
857.135
