996.277
996.263
996.29
996.268
996.253
996.291
996.31
996.267
996.29
996.23
996.264
996.297
996.326
996.286
996.29
996.251
996.28
996.234
996.233
996.305
996.277
996.274
996.279
996.279
996.266
996.293
996.273
996.287
996.248
996.288
996.293
996.303
855.987
854.898
860.599
860.385
862.101
853.784
854.973
860.081
849.601
854.856
855.184
849.839
857.838
860.002
858.269
853.089
850.009
857.639
854.993
851.935
860.065
855.577
853.655
859.346
849.076
857.273
864.082
858.922
852.836
856.418
856.624
855.721
