963.203
964.322
964.643
964.43
964.286
964.497
964.341
964.19
964.021
964.283
964.242
963.708
964.261
963.982
964.59
964.131
963.585
963.953
964.642
964.014
963.946
964.476
963.796
963.942
964.159
964.237
964.284
963.752
964.32
963.884
964.515
964.271
521.253
493.207
500.474
501.579
509.221
502.332
515.44
506.678
502.295
501.908
496.39
511.628
501.021
506.524
511.505
520.547
497.281
497.042
506.571
507.014
503.649
504.041
502.088
505.048
514.207
504.885
522.122
503.937
497.657
507.274
499.059
506.545
