964.502
964.346
964.459
964.058
963.956
963.933
964.197
964.283
963.108
964.559
963.645
963.63
963.876
963.823
964.173
964.207
963.492
963.264
964.332
964.137
964.326
963.321
964.496
963.87
963.914
964.401
963.627
964.586
964.901
964.198
963.747
963.213
500.111
504.057
498.481
511.848
499.437
505.221
512.017
511.155
497.701
507.345
501.641
506.363
500.748
502.674
516.863
507.48
496.397
519.59
510.475
507.748
506.634
509.099
498.481
518.976
507.993
497.232
509.901
502.024
500.665
497.706
508.542
502.761
