964.32
963.741
963.749
964.213
963.852
964.075
964.208
964.165
963.867
964.481
964.478
964.093
964.41
963.828
964.748
964.382
963.797
963.847
963.65
963.877
964.154
964.156
963.759
964.071
964.431
963.95
964.057
964.592
964.141
964.197
964.211
964.408
498.754
499.626
518.049
510.601
505.604
504.97
508.543
502.977
508.46
514.574
509.395
500.318
510.218
503.924
500.677
495.923
511.646
504.77
501.031
506.608
502.526
508.925
495.381
504.677
506.796
516.377
505.098
511.359
509.694
497.241
498.334
509.323
