963.915
964.339
963.971
964.825
964.021
964.438
964.293
964.202
963.738
964.027
964.199
963.934
963.873
964.222
963.949
963.87
964.058
964.349
964.676
963.163
965.09
963.885
963.782
964.316
963.932
963.867
963.94
963.51
964.204
963.974
963.742
963.625
510.49
497.509
508.583
505.537
509.679
505.205
504.696
500.405
506.916
509.016
494.145
508.356
500.341
492.961
508.267
502.713
493.632
508.012
499.614
501.037
501.595
507.227
498.508
505.111
513.37
506.24
502.944
508.16
506.206
493.661
502.309
506.395
