964.295
964.177
964.487
963.97
964.065
963.91
964.515
964.508
963.854
964.684
964.451
964.355
964.23
963.829
964.005
963.868
963.745
964.617
964.642
963.451
964.324
963.744
963.864
963.685
964.398
964.936
963.757
964.41
964.393
963.852
964.484
964.191
499.09
508.995
504.98
513.373
509.748
505.835
507.545
512.169
506.955
499.976
501.332
506.86
507.145
502.817
494.899
508.673
525.64
507.155
501.648
504.671
501.845
513.912
492.05
495.246
500.784
492.8
518.228
497.185
510.998
505.148
508.215
510.975
