964.162
963.848
964.233
963.717
964.381
964.165
964.167
963.912
963.807
964.196
963.331
964.169
964.174
963.604
963.894
964.344
963.953
964.33
964.134
963.803
964.452
963.843
964.565
964.053
963.902
964.029
964.962
964.991
964.197
964.064
963.956
964.377
507.806
497.797
513.963
498.814
505.442
487.986
502.491
501.538
509.362
508.083
499.249
503.146
498.933
525.246
505.192
501.142
498.538
508.283
496.656
514.41
506.739
508.437
509.823
506.198
508.321
501.368
500.447
511.683
499.566
495.804
501.336
513.455
