963.648
964.53
964.389
964.074
963.78
964.191
964.004
964.839
964.09
964.214
964.399
964.092
963.791
964.204
964.065
963.96
964.357
964.056
963.701
963.776
964.283
963.888
964.221
963.466
964.089
964.306
964.579
963.945
964.041
964.434
963.856
964.229
487.241
512.664
502.334
501.525
495.648
498.382
493.555
499.198
510.793
497.193
497.686
506.721
505.79
506.729
506.198
500.747
505.243
488.472
500.074
501.285
509.255
506.156
498.524
493.746
514.208
498.453
506.206
502.542
502.43
506.224
498.453
505.725
