964.039
963.995
964.403
964.143
963.966
964.137
964.621
963.759
964.995
964.194
964.588
963.982
963.953
964.013
963.837
963.988
964.133
963.887
964.407
964
963.659
964.217
964.689
964.271
963.613
964.585
964.238
963.966
963.676
963.95
964.762
963.794
506.56
498.688
497.622
509.332
500.447
504.101
511.477
495.041
504.817
500.482
494.813
492.068
503.461
513.233
492.591
512.417
490.198
500.685
504.289
498.425
511.034
509.352
507.277
507.571
516.06
506.454
513.603
507.098
514.227
504.097
500.233
506.92
