964.417
963.916
964.632
964.643
963.907
964.141
964.191
963.866
963.929
964.077
964.495
964.187
963.931
963.893
963.917
963.752
964.2
963.639
963.707
964.358
963.893
964.017
964.587
964.307
964.195
964.306
964.037
963.854
963.869
964.375
963.911
963.633
498.126
493.19
505.012
498.953
499.378
494.02
508.614
493.059
496.629
496.673
495.838
507.979
491.227
510.676
507.283
501.83
501.235
504.405
499.85
514.634
507.484
497.953
502.324
486.785
495.339
508.218
502.611
500.839
507.732
514.268
507.898
505.997
