964.154
963.823
964.095
963.905
963.77
964.236
965.056
963.718
964.439
963.982
964.227
964.256
963.687
964.118
964.141
963.858
963.945
964.012
964.421
964.021
964.191
964.313
964.123
963.85
964.13
964.463
964.287
963.967
964.238
963.879
964.565
964.006
521.132
507.991
498.503
501.19
500.142
499.212
503.007
513.761
511.217
497.53
502.893
504.732
507.944
499.41
508.283
495.475
502.398
501.586
491.416
508.199
505.615
507.94
501.346
503.633
514.731
493.543
496.66
508.945
496.987
502.742
508.763
510.743
