964.23
963.864
964.079
964.067
964.207
964.123
964.028
964.129
963.439
964.168
963.67
964.361
964.647
964.024
963.655
964.175
964.548
963.78
963.683
964.87
964.186
963.777
964.442
963.846
964.019
963.992
964.367
964.235
963.786
964.438
964.255
964.419
517.987
503.262
501.32
525.149
500.159
517.563
492.325
500.198
507.453
515.68
521.345
506.152
504.662
500.302
511.178
524.852
505.238
511.025
500.265
495.735
484.402
497.711
513.466
502.827
503.397
511.373
495.235
505.727
496.396
511.319
495.282
505.321
