964.288
964.074
964.286
964.064
963.534
963.961
964.435
964.383
964.199
963.825
963.401
963.799
964.322
963.606
964.278
963.551
964.456
964.57
964.599
964.503
963.958
963.977
964.144
963.634
963.82
964.082
963.549
963.865
964.203
964.483
964.041
963.823
504.374
496.566
511.233
508.668
514.768
500.735
504.694
508.135
493.678
510.583
513.087
501.929
514.087
500.776
504.124
511.787
499.756
499.574
503.917
501.009
486.185
500.7
507.07
502.926
495.906
498.959
502.074
504.389
506.132
511.64
500.551
514.129
