964.665
963.937
964.914
963.8
964.271
964.12
964.356
964.746
964.061
964.179
964.019
964.123
963.889
963.935
963.584
964.018
964.096
964.289
963.985
964.007
964.033
964.499
964.274
964.126
964.875
964.097
963.873
964.438
964.024
964.231
964.138
964.077
511.056
509.015
505.448
503.102
505.96
508.951
503.529
498.162
500.657
503.079
507.818
505.222
508.863
513.708
505.85
513.177
508.881
500.975
503.803
518.052
503.823
505.025
510.992
500.499
511.693
502.496
507.397
499.784
485.01
517.032
518.087
500.317
