963.866
964.361
964.481
964.066
964.336
964.223
964.077
964.05
963.692
964.494
964.416
964.375
964.365
963.467
964.224
964.511
964.05
963.71
964.118
964.477
964.334
964.362
964.441
964.475
964.551
964.209
964.259
963.868
964.172
964.326
963.889
963.856
496.778
503.707
493.25
501.711
510.297
502.467
506.16
492.331
507.766
502.15
512.135
511.226
494.818
501.293
505.735
498.352
493.375
512.685
512.697
498.094
504.147
507.108
512.87
514.928
513.593
503.837
507.302
495.82
497.298
503.583
515.698
509.704
