964.296
964.562
963.982
964.009
964.208
964.008
963.692
964.04
963.81
964.057
963.58
964.655
964.13
964.117
963.803
964.478
963.529
963.862
964.161
963.925
964.267
964.24
963.346
964.631
964.205
964.173
964.668
964.09
964.043
963.94
963.975
964.282
510.997
506.351
507.504
510.876
504.684
509.191
495.901
494.535
508.793
499.182
501.958
500.461
494.144
506.273
509.846
510.129
502.949
503.203
501.754
492.748
511.543
504.322
515.04
508.988
515.559
507.942
502.689
507.438
495.642
508.707
503.54
510.379
