963.959
964.033
964.278
964.396
964.198
963.599
964.593
964.426
964.072
964.227
964.13
964.337
964.092
964.063
964.117
964.008
964.522
963.909
964.349
964.073
963.535
964.288
964.143
964.547
963.949
964.056
963.955
963.891
963.706
963.318
963.888
963.781
499.874
507.446
499.758
495.3
504.744
504.62
514.258
509.079
503
503.683
504.103
516.249
511.795
520.72
509.923
507.249
504.304
510.514
520.729
513.45
499.047
511.885
497.956
501.32
500.501
508.869
502.641
496.397
496.959
508.19
495.864
493.119
