963.869
964.492
963.725
964.127
964.418
964.285
964.25
964.215
964.235
964.599
963.897
964.375
964.493
963.894
964.213
964.594
964.174
964.081
964.445
964.291
964.178
964.26
964.044
964.086
964.105
964.149
964.351
964.482
963.968
963.916
964.106
964.379
505.544
501.094
498.02
505.68
498.132
494.51
503.211
493.65
497.028
497.488
496.45
506.582
497.212
510.472
499.171
500.576
499.386
494.48
502.982
494.675
507.957
503.544
507.54
504.89
500.249
492.649
506.663
509.593
507.764
509.414
504.112
511.349
