964.239
964.101
964.192
963.929
964.281
964.374
964.058
963.519
964.196
963.888
963.387
964.441
963.878
963.688
963.726
963.784
964.541
963.861
963.508
964.505
964.079
963.816
963.672
963.914
964.005
964.569
964.462
964.103
964.262
964.091
964.981
964.228
500.567
500.975
506.459
500.164
504.876
503.162
502.394
500.896
507.522
515.077
506.581
501.515
507.376
510.641
494.895
511.01
510.392
506.219
500.238
507.797
504.451
499.493
491.014
519.013
506.339
502.227
494.756
493.063
498.558
504.334
507.632
504.031
