964.39
964.238
964.324
964.121
963.979
963.792
963.716
964.02
964.135
963.854
964.796
963.517
964.041
964.004
964.337
963.907
964.353
963.639
964.074
963.785
963.991
964.103
963.929
964.591
964.231
963.731
964.024
963.352
964.075
964.071
964.735
963.821
511.036
503.886
499.527
493.827
513.353
506.883
514.005
501.984
504.91
500.244
503.837
510.365
498.829
508.332
498.813
497.148
509.272
504.622
509.998
513.134
498.84
505.217
506.333
500.396
499.989
506.242
500.034
511.925
505.161
509.328
502.438
510.012
