964.168
963.618
963.278
964.682
964.137
964.236
964.211
963.874
964.082
964.473
963.937
963.824
964.093
964.071
964.579
964.791
964.104
964.525
964.146
964.493
964.439
964.258
964.088
964.001
963.65
963.834
964.579
963.543
963.767
964.347
964.227
963.97
506.116
513.867
507.446
511.255
504.479
505.048
506.963
507.228
511.935
498.427
503.666
495.316
507.457
493.637
497.768
512.01
494.394
514.196
512.199
510.267
498.038
496.034
493.588
506.402
509.879
510.316
506.297
503.028
507.244
509.283
509.557
516.542
