964.525
964.423
963.808
963.7
963.725
964.317
964.724
964.426
963.989
964.526
964.353
964.163
963.911
964.127
963.851
964.408
964.123
964.173
963.964
964.108
963.859
964.094
963.597
964.286
963.799
964.656
964.131
963.585
963.882
964.293
963.87
963.922
503.157
506.737
502.972
506.173
492.418
496.085
501.361
507.03
497.864
513.943
502.187
508.28
504.777
507.36
501.138
491.334
486.217
504.49
500.245
502.91
511.2
507.218
498.616
502.096
506.989
502.403
504.502
510.996
504.548
508.517
502.114
510.084
