964.276
963.943
963.852
963.346
963.942
964.012
964.35
964.325
964.006
963.875
963.998
964.138
964.119
964.442
963.891
964.163
964.012
963.693
963.935
964.327
964.116
964.164
963.799
964.631
963.828
964.233
963.648
964.533
964.455
963.976
963.928
964.068
504.855
492.572
508.284
509.491
507.153
500.545
501.349
500.41
505.446
513.849
506.175
502.973
494.616
500.987
507.942
491.384
507.358
510.675
514.896
516.594
504.968
508.52
505.704
504.65
500.74
507.312
497.196
511.428
509.568
499.725
512.141
510.311
