964.35
964.314
963.86
964.654
963.481
964.553
964.414
964.543
964.157
964.253
964.427
964.202
964.152
963.462
964.188
963.958
964.029
963.931
964.824
964.284
964.186
963.923
964.437
964.165
963.741
963.946
963.994
964.031
963.723
964.082
963.853
964.159
508.229
510.268
501.253
498.978
501.276
497.821
497.802
507.726
500.254
500.624
499.405
506.989
507.115
500.635
515.201
493.937
508.293
504.765
501.855
499.861
500.444
497.266
508.136
506.203
508.621
508.32
495.874
509.801
504.379
499.57
518.657
502.956
