964.296
963.798
964.125
964.047
964.133
965.029
963.779
963.909
964.043
964.339
963.743
964.014
963.735
964.778
964.46
963.434
963.494
964.256
963.686
963.87
964.616
964.008
964.354
963.593
963.506
964.136
964.086
963.909
964.196
964.087
964.413
963.259
495.493
516.087
494.498
512.137
502.748
505.038
507.663
502.465
495.729
518.213
505.609
508.113
499.683
505.113
505.018
497.496
509.257
506.924
496.722
502.072
512.538
498.97
506.047
502.093
489.924
509.677
492.62
508.516
513.548
510.868
503.538
514.432
