964.345
964.493
964.457
964.098
963.459
964.64
964.468
964.101
963.875
963.86
963.484
963.925
964.268
964.321
964.34
963.962
964.055
964.948
964.196
964.395
963.858
964.286
964.136
964.498
964.572
963.541
963.933
964.172
964.527
963.907
964.87
963.741
495.658
493.277
500.419
502.865
501.034
511.848
505.499
506.003
505.37
501.096
512.803
498.122
505.857
509.427
496.662
495.234
504.883
509.023
501.686
504.282
506.204
495.511
495.919
506.602
500.624
508.104
505.109
508.797
518.847
512.981
504.338
511.815
