963.86
964.22
963.785
963.784
963.883
963.91
964.503
964.055
963.288
964.082
964.315
963.437
963.835
963.835
963.641
964.091
964.53
963.755
964.072
964.195
964.314
963.765
964.272
964.258
964.109
963.971
964.603
963.783
964.139
963.968
964.665
964.066
497.524
492.478
507.207
514.394
507.162
499.928
516.588
511.336
506.929
518.151
505.059
498.922
503.866
496.274
503.686
501.772
509.389
512.797
501.026
493.201
509.399
497.047
509.489
510.064
501.364
507.974
496.897
505.012
515.959
500.696
511.637
493.823
