963.768
964.062
963.522
963.524
964.342
963.997
963.949
964.177
963.838
964.671
964.476
964.012
964.961
964.319
964.224
964.011
964.655
964.139
964.218
963.85
964.132
963.908
964.097
964.092
964.342
964.535
964.44
964.359
964.267
963.82
964.168
964.754
506.475
500.975
507.213
488.417
499.957
481.516
509.237
500.262
510.472
506.725
501.67
505.233
504.839
500.344
511.496
503.574
497.545
504.455
498.951
523.186
490.978
496.431
520.298
514.861
499.865
513.376
504.809
505.797
500.639
503.731
503.936
495.691
