964.251
964.035
963.797
963.606
963.594
963.983
964.091
964.454
962.989
964.198
963.676
963.952
963.745
963.932
963.904
964.187
964.378
963.604
964.07
964.347
963.405
963.85
964.048
963.813
964.862
964.02
964.149
964.671
964.451
963.894
964.671
963.765
503.141
506.677
504.023
500.206
504.205
505.471
508.515
507.132
499.831
514.157
512.758
501.641
503.417
502.216
510.314
511.197
505.453
498.515
503.723
497.701
505.5
509.553
506.677
500.424
503.438
510.953
502.646
501.46
500.142
505.05
509.243
516.84
