964.622
963.905
964.251
964.063
964.296
963.688
963.685
964.41
963.685
963.367
963.91
963.922
963.958
963.912
964.314
963.995
963.372
964.236
964.43
963.646
964.148
964.203
963.749
963.823
964.406
964.171
963.229
964.039
963.583
964.506
964.487
965.015
503.2
500.543
497.135
504.918
509.527
512.901
506.062
504.217
505.446
493.669
503.806
505.135
498.811
494.671
494.577
509.807
519.41
507.878
504.882
500.294
515.56
503.87
500.4
488.297
505.466
505.226
505.514
501.048
506.038
502.806
503.451
507.123
