963.89
964.578
964.812
964.256
964.147
964.355
964.139
963.963
963.507
963.856
964.134
964.185
963.979
963.746
964.692
964.211
964.681
964.285
963.804
964.123
964.016
964.166
964.186
964.343
963.405
963.829
963.834
963.896
963.191
964.34
963.685
964.334
499.019
505.5
491.046
495.308
502.584
508.874
509.304
509.831
509.951
502.097
509.254
504.063
505.692
511.76
500.706
497.908
509.022
511.96
505.221
499.183
510.201
503.276
501.371
516.944
506.581
497.396
490.435
505.626
509.205
500.109
511.975
503.261
