964.827
963.922
963.945
964.144
964.16
964.154
964.648
964.062
964.711
963.907
963.731
963.688
964.099
963.996
963.673
963.894
964.127
964.03
963.952
963.679
964.128
964.406
964.009
963.816
964.17
963.902
963.908
964.305
964.226
964.407
963.689
963.868
501.434
509.426
510.023
497.821
506.221
508.088
502.306
497.754
503.951
506.713
503.631
499.927
514.11
508.435
501.011
515.395
507.684
507.296
514.309
513
502.835
498.151
501.654
490.727
504.419
511.279
501.266
511.366
500.003
499.147
508.618
501.44
