709.347
701.401
675.876
640.262
618.648
603.175
575.876
550.749
528.665
494.213
470.118
452.357
444.733
420.655
387.985
379.697
350.913
326.065
308.913
303.059
294.081
267.523
265.688
259.575
243.732
233.569
221.499
215.675
206.016
191.087
187.157
182.527
173.79
173.227
170.818
164.268
163.075
156.223
159.486
154.224
152.61
149.253
146.509
144.139
141.218
142.113
139.078
136.67
139.474
132.78
132.119
129.949
130.932
130.32
128.261
126.157
125.241
124.483
124.487
123.806
122.541
121.185
120.842
119.611
