654.577
622.382
592.78
586.682
550.893
511.584
498.737
471.602
457.234
425.338
399.954
389.236
357.389
344.315
327.508
316.794
301.159
278.831
268.932
266.324
257.404
236.468
228.158
219.805
216.98
204.675
196.826
188.303
183.343
178.284
171.079
167.619
165.501
159.383
158.71
150.702
150.067
146.729
148.524
143.824
142.053
140.935
139.695
136.829
133.914
133.877
135.456
132.075
129.152
130.616
128.746
124.982
124.34
124.583
122.971
123.609
120.669
120.931
121.664
121.708
119.448
118.723
117.246
117.962
