919.062
915.049
907.982
900.713
888.962
876.536
865.571
852.335
835.336
818.597
804.801
792.875
774.27
752.081
742.28
721.458
709.285
706.424
691.503
675.324
656.81
641.405
627.864
622.492
606.874
600.834
587.838
574.475
565.657
551.623
542.397
533.877
524.888
507.355
503.453
488.595
494.127
482.422
467.309
470.623
460.613
440.514
430.961
415.657
427.917
414.603
411.315
409.758
392.278
394.535
386.989
376.682
366.883
375.389
361.041
360.831
349.83
341.828
335.723
332.587
331.447
320.605
324.086
318.53
