742.368
732.238
712.86
697.714
661.855
633.432
613.467
585.415
568.325
539.833
513.478
494.315
474.985
460.656
434.81
423.968
386.655
375.876
352.764
337.909
319.585
311.047
294.64
286.657
266.832
264.746
242.548
232.81
222.899
213.372
203.337
193.927
195.541
190.998
189.76
175.709
174.525
162.928
168.863
163.691
162.427
155.086
154.99
149.484
146.11
146.352
147.366
141.14
144.364
138.687
136.91
138.249
132.611
131.673
134.792
130.684
129.936
128.653
127.457
127.123
125.669
124.362
123.676
124.118
