913.921
909.255
902.28
891.569
880.849
869.001
855.631
837.661
827.398
806.272
788.182
778.014
759.087
744.896
721.739
713.278
685.455
686.375
672.362
664.355
640.773
631.997
610.934
612.347
599.804
582.603
570.794
563.194
539.582
536.878
522.831
539.678
499.378
491.708
482.954
486.074
472.944
457.149
457.084
441.478
430.595
417.97
410.953
405.482
405.715
393.089
387.782
379.6
381.401
378.659
347.236
354.263
340.361
341.556
330.858
329.325
320.92
328.27
324.335
301.173
301.316
305.669
290.638
293.526
