916.777
912.712
906.383
897.947
889.124
873.438
861.018
845.805
831.721
810.904
791.739
786.684
768.94
747.397
731.075
715.07
703.897
695.428
675.354
665.045
652.354
634.744
629.545
616.417
598.485
595.304
579.03
571.367
560.739
546.965
539.158
529.088
524.871
495.615
489.706
495.086
481.65
468.404
461.215
450.704
450.699
437.06
426.567
420.1
404.861
396.272
403.057
387.552
393.601
378.81
370.656
357.328
354.666
348.74
347.768
333.724
342.044
333.447
329.247
322.999
316.772
308.296
304.505
294.448
