940.795
939.11
934.556
929.634
925.142
916.062
907.253
893.943
885.717
868.58
858.993
849.229
837.988
820.323
807.489
800.074
798.296
775.053
767.916
761.643
750.29
730.574
732.889
719.721
709.578
694.878
685.833
687.015
665.3
660.86
656.355
647.899
628.112
621.763
614.125
614.171
598.194
602.527
592.739
580.776
563.387
567.751
551.265
552.993
549.828
543.077
532.235
526.541
522.376
512.161
509.216
495.116
502.042
494.67
481.199
477.386
487.54
468.362
470.877
474.872
455.869
455.409
449.937
436.208
