765.061
746.46
726.811
710.008
689.025
672.348
641.849
621.696
591.331
571.369
540.57
520.006
488.815
481.876
459.042
426.359
410.207
393.14
388.348
360.077
341.05
331.745
303.196
295.531
292.612
277.215
261.243
247.187
239.05
229.21
216.437
209.125
207.164
197.041
192.385
181.208
185.113
172.961
175.754
169.512
164.658
162.571
151.765
155.822
152.54
150.221
147.043
148.217
144.775
144.041
140.664
137.294
134.432
135.707
134.101
133.834
135.916
131.753
127.672
127.737
127.945
124.854
126.987
124.146
