900.064
892.39
884.832
879.862
866.201
849.915
833.361
819.465
799.01
791.37
770.356
752.568
737.817
714.253
702.703
690.277
682.489
662.387
641.442
637.065
616.718
596.862
585.643
584.023
555.269
548.525
537.213
526.737
502.895
500.231
495.485
477.87
461.799
462.098
448.368
439.759
430.279
437.245
422.695
401.994
397.659
381.725
381.03
365.875
368.665
354.417
354.271
335.111
325.822
329.978
325.049
316.926
312.13
305.782
307.715
292.311
278.179
286.234
277.97
281.236
273.174
260.377
259.057
256.381
