948.443
946.012
943.763
938.031
932.535
923.318
918.25
907.178
897.867
887.793
877.724
865.235
854.287
844.147
829.433
822.572
816.556
803.489
785.749
780.72
766.032
756.861
754.583
740.741
727.95
717.251
716.058
710.651
698.31
697.692
683.472
670.556
674.941
656.302
649.626
652.316
642.716
631.035
617.055
620.398
610.419
608.082
595.776
590.239
588.426
576.705
574.228
573.96
558.835
559.713
542.247
544.626
533.918
543.883
528.373
523.576
527.283
519.321
506.613
506.629
497.135
487.747
492.454
486.976
