542.204
530.918
500.279
468.529
464.639
425.523
404.964
387.308
380.547
349.562
327.688
322.231
304.192
286.771
276.4
263.466
254.262
240.148
232.483
222.419
215.097
207.112
201.397
192.924
189.608
183.1
175.255
170.966
166.362
161.758
158.64
152.48
148.205
147.452
144.353
143.34
139.702
139.597
137.063
137.097
134.144
133.27
132.081
131.389
128.742
130.157
128.252
126.767
125.186
123.749
124.481
122.069
122.527
121.073
119.989
120.478
117.775
118.604
117.679
115.911
116.595
116.41
114.776
114.624
