937.677
935.144
931.031
925.616
917.92
912.439
900.098
889.031
874.496
863.153
856.469
836.233
830.23
819.042
803.911
797.326
778.417
771.103
756.989
746.442
726.451
714.411
718.197
703.266
689.22
687.425
675.649
652.521
650.597
642.029
646.924
630.581
611.94
608.962
601.555
589.26
585.212
583.519
586.065
556.161
552.504
556.719
548.575
540.177
529.918
523.582
518.31
507.338
504.46
498.787
495.849
482.964
487.973
477.076
461.55
463.538
461.618
453.466
449.681
445.253
434.346
427.217
425.411
427.585
