733.159
701.041
691.145
667.961
642.434
614.805
592.487
568.845
542.503
524.797
518.676
469.956
456.212
440.085
391.091
393.548
371.439
357.492
338.442
318.338
305.078
285.397
272.775
263.136
245.282
237.752
231.674
228.868
213.858
204.073
201.957
185.825
184.842
179.459
173.308
170.255
164.865
166.691
158.284
157.018
153.806
149.884
148.96
145.075
145.373
144.091
141.995
139.992
141.112
136.85
135.797
134.624
131.253
129.974
129.116
131.212
127.17
125.612
126.563
123.8
124.162
122.185
120.763
121.246
