811.99
804.553
788.502
768.095
746.92
732.457
710.777
698.957
666.777
655.689
627.645
607.625
591.488
554.125
539.075
523.681
501.016
489.151
463.131
441.596
439.371
424.02
387.439
372.007
367.924
359.028
339.304
319.817
303.824
284.499
284.992
271.158
257.692
261.223
246.248
246.304
234.199
224.623
218.651
210.535
203.852
198.588
191.392
188.09
182.575
171.676
175.746
170.311
170.14
163.228
161.469
159.942
159.111
154.22
152.292
153.154
149.943
144.28
143.625
139.783
141.461
140.275
135.507
137.579
