527.933
498.747
468.505
458.982
433.005
411.461
385.537
374.604
359.905
336.372
320.545
302.735
302.55
278.852
267.041
259.32
243.651
237.541
224.061
218.755
210.671
203.206
197.366
187.364
186.649
177.185
176.816
168.475
167.768
158.965
155.423
152.24
147.248
145.636
142.721
141.927
141.396
137.88
137.922
136.767
132.706
132.811
130.597
129.599
129.705
127.295
125.626
126.261
127.372
126.028
122.558
122.937
120.1
121.418
118.891
119.749
117.693
119.516
117.863
115.487
114.842
113.567
114.581
112.53
