686.053
665.978
651.089
616.36
605.691
572.387
537.819
524.377
498.13
476.552
447.158
422.71
410.44
383.528
370.084
341.682
338.396
308.448
316.397
284.719
269.905
255.292
251.132
235.457
231.296
225.062
215.181
202.955
197.379
186.928
184.019
172.76
170.567
162.545
167.81
162.165
157.053
153.266
148.748
148.513
146.784
144.862
144.008
140.628
139.868
137.71
137.091
134.783
136.987
131.967
131.431
128.201
128.512
126.349
125.404
127.191
123.66
121.551
121.008
120.288
120.024
121.402
119.18
119.04
