929.194
926.349
920.182
913.444
904.607
890.762
883.387
871.284
854.21
846.314
825.668
816.875
800.604
790.401
774.523
760.494
743.738
741.535
728.425
713.121
695.772
685.488
671.656
665.471
649.745
629.024
630.17
615.845
607.078
602.375
587.799
581.703
571.526
567.715
547.404
553.286
534.71
527.254
518.427
508.753
509.608
493.613
485.453
478.89
478.301
470.608
456.473
457.267
451.995
434.184
429.506
434.797
421.594
414
418.922
409.502
408.632
399.396
389.958
382.836
382.6
381.285
378.848
368.161
