833.332
825.408
808.958
798.105
772.586
763.608
729.328
724.426
696.234
678.209
653.086
634.178
611.918
596.454
578.592
559.372
537.077
525.903
504.969
495.421
466.317
454.943
433.254
418.127
404.411
391.207
376.282
371.065
361.067
325.193
341.536
324.031
302.683
293.773
275.44
277.913
260.436
252.961
249.477
242.452
234.798
225.067
217.458
204.155
207.101
199.529
199.234
184.824
192.119
184.224
178.356
175.68
173.406
170.083
167.772
163.319
165.328
159.414
159.555
154.041
146.742
147.9
147.03
147.523
