663.733
646.693
626.043
598.233
571.777
549.621
519.748
494.912
467.35
456.035
429.231
396.668
385.377
366.407
353.121
331.859
319.915
299.373
279.431
278.754
254.626
252.497
244.256
219.597
217.759
209.423
207.826
194.994
187.242
184.674
180.1
170.814
168.035
162.124
158.991
156.232
152.947
150.787
147.883
145.077
146.107
144.611
140.392
137.896
135.511
133.807
134.074
134.813
131.575
130.764
130.158
129.612
126.058
124.126
123.768
125.431
122.63
121.286
121.887
120.292
120.669
118.287
118.021
118.129
