949.921
948.496
945.794
939.88
934.451
928.628
919.647
906.899
899.669
889.84
879.188
870.124
862.204
847.429
836.785
832.054
821.855
799.716
794.156
793.7
771.376
769.032
759.599
749.48
743.372
731.33
713.328
715.499
707.332
695.602
696.492
691.753
682.199
670.729
658.289
660.752
643.566
633.447
645.104
624.774
619.126
615.099
611.381
603.416
593.247
580.6
581.441
578.041
571.323
575.952
558.811
556.192
543.276
535.548
538.62
532.622
524.287
523.773
516.383
507.68
500.564
505.138
498.004
491.135
