941.996
940.351
937.857
932.047
926.041
917.388
905.165
901.436
885.729
876.055
863.002
847.638
839.78
826.789
815.378
801.146
796.157
791.416
771.686
763.858
755.969
743.895
730.951
732.094
711.465
697.499
711.07
679.501
669.924
662.84
664.432
650.565
645.643
638.613
633.501
608.063
613.292
604.312
587.411
589.922
582.187
571.326
571.253
564.829
557.911
548.846
545.454
545.571
529.378
531.242
520.001
506.418
513.381
502.588
505.081
498.05
482.1
485.385
475.617
467.155
463.658
459.516
454.913
453.234
