890.054
883.827
875.827
866.589
851.999
836.914
821.198
805.8
792.03
763.363
748.446
740.491
724.241
710.83
693.066
664.423
657.517
630.049
623.989
605.931
596.594
586.734
566.802
557.019
543.859
521.252
511.565
497.768
482.314
471.024
473.284
453.677
448.64
439.155
429.973
422.219
401.175
388.784
381.121
384.394
366.46
360.84
350.58
330.746
338.073
330.673
316.435
311.46
313.394
314.255
295.695
295.168
285.585
273.724
278.516
266.401
271.853
255.069
259.159
248.906
250.538
234.313
237.744
234.027
