944.161
943.822
940.454
936.589
928.558
921.094
911.192
902.441
893.42
879.674
869.356
853.737
842.108
835.646
828.535
816.784
804.919
798.045
784
769.969
766.473
749.1
751.273
734.791
719.498
722.847
694.512
696.385
688.108
678.421
679.973
654.881
652.512
645.177
639.561
632.412
623.576
621.436
610.255
602.304
596.123
590.605
586.628
576.186
577.034
577.243
556.56
549.699
544.198
536.858
527.762
528.805
523.129
521.16
509.532
505.249
503.808
505.502
497.809
495.391
485.138
481.205
478.295
474.291
