908.704
903.852
898.338
888.582
876.955
860.383
849.405
838.885
818.511
801.209
779.179
766.267
743.476
735.983
717.458
717.599
702.019
683.956
663.434
645.582
622.142
624.783
598.407
592.687
579.548
573.355
565.494
548.104
541.658
510.61
520.169
509.147
479.215
487.297
477.883
460.225
451.945
445.86
434.335
435.26
423.575
408.806
408.592
401.355
386.676
392.934
374.982
366.925
355.373
350.839
344.509
359.53
343.693
333.137
326.357
313.118
312.387
310.024
299.845
295.284
288.49
295.751
286.787
275.103
