843.19
830.805
820.466
807.305
792.823
766.41
758.278
738.694
714.969
703.108
677.449
657.696
636.582
613.333
595.487
575.926
551.725
524.067
521.587
505.033
485.929
472.634
466.993
433.399
431.332
413.143
403.595
391.12
373.756
350.678
351.643
341.799
315.551
315.523
311.893
289.4
283.094
271.454
269.057
261.406
249.318
244.773
232.627
219.257
221.378
219.862
204.297
209.309
208.32
198.503
191.914
185.28
180.599
176.957
180.967
167.75
170.409
161.619
161.701
164.859
156.45
155.79
155.902
150.814
