927.057
924.696
920.291
909.951
903.71
893.187
881.412
867.691
858.677
837.86
821.773
809.996
792.814
777.656
766.436
757
742.801
722.529
716.362
706.83
683.039
676.038
663.856
653.204
648.971
630.611
630.193
605.186
604.007
597.124
574.436
569.279
563.037
561.369
552.417
542.162
534.605
514.082
516.052
510.004
494.882
496.514
492.006
475.598
469.364
467.101
453.459
448.936
433.664
431.196
437.036
423.306
418.359
416.639
402.793
392.143
386.178
392.288
393.149
384.189
369.941
373.841
358.13
353.674
