933.1
930.888
927.945
921.179
914.236
900.745
893.327
882.123
865.455
854.485
846.809
821.572
820.181
805.713
789.086
778.291
770.561
743.479
737.307
726.355
713.829
712.242
686.164
689.849
672.048
659.956
659.231
655.092
649.7
617.503
622.933
612.948
599.607
593.096
582.653
585.05
557.24
562.972
554.158
535.071
532.568
531.093
514.177
508.349
493.729
498.712
501.103
495.033
488.536
469.411
467.11
460.846
469.645
439.071
453.192
448.973
426.88
421.275
424.71
420.337
415.118
408.006
411.951
400.991
