895.692
888.366
882.068
870.43
858.395
839.981
822.456
814.266
796.322
779.271
760.964
740.711
724.765
712.799
695.954
672.473
655.096
641.853
631.802
618.729
609.479
588.704
574.509
554.153
559.684
535.185
518.994
511.827
498.78
499.579
471.691
467.463
444.475
443.643
434.806
429.167
410.27
419.637
387.797
390.586
376.77
387.467
371.523
361.297
358.386
349.759
339.885
330.904
324.789
311.102
298.951
302.732
297.279
285.975
285.611
279.936
276.506
272.424
261.083
260.431
247.937
256.527
249.929
244.74
