928.939
926.624
922.852
915.214
905.686
899.782
884.639
872.302
858.225
846.786
834.497
821.708
806.601
790.995
776.003
763.59
746.482
738.816
728.43
727.762
695.771
689.407
678.903
668.521
659.319
644.991
630.641
623.678
616.373
603.715
603.036
592.665
579.59
567.475
563.901
557.11
550.786
534.588
523.542
514.194
522.435
509.942
512.071
495.779
484.257
471.558
477.703
465.481
458.377
446.976
451.648
448.097
427.038
437.196
415.364
415.753
406.515
405.152
397.795
404.331
384.581
380.198
382.409
366.602
