572.653
545.589
526.388
509.575
460.744
454.255
428.4
408.385
382.138
362.463
349.041
331.613
320.641
307.487
292.592
274.16
265.194
255.097
243.505
236.787
223.447
215.187
204.229
194.35
195.18
183.838
180.754
174.401
170.372
161.695
159.898
156.956
153.474
151.684
149.587
146.041
143.081
143.751
139.515
137.378
136.494
135.369
133.848
132.725
132.309
127.815
128.656
126.518
126.965
126.118
122.857
123.735
122.623
121.395
119.439
121.188
118.992
119.484
117.399
116.743
116.848
115.654
114.188
116.448
