877.99
870.387
861.194
854.527
838.686
826.138
805.314
783.926
769.57
747.352
729.681
714.579
697.078
681.292
657.818
646.615
641.135
611.459
603.966
573.888
573.577
550.362
538.545
523.338
506.578
497.222
484.527
472.304
453.182
444.823
438.666
419.212
417.369
401.641
383.954
380.702
371.821
366.318
346.855
354.319
335.828
324.96
324.102
312.362
301.116
301.6
296.662
286.159
280.106
281.106
265.81
259.832
248.396
245.857
246
231.248
228.791
226.59
216.913
216.171
214.697
201.686
205.129
200.249
