949.384
947.742
944.866
941.417
931.941
927.366
920.478
907.798
901.376
885.866
876.187
866.848
853.096
842.46
829.002
826.643
816.274
802.275
795.768
782.7
772.458
766.876
753.719
744.587
731.548
721.853
719.353
708.985
701.447
688.815
679.925
669.333
670.339
661.512
661.776
647.74
639.004
631.329
627.981
625.289
622.595
606.74
597.321
588.623
584.938
580.052
579.343
572.71
569.916
561.065
555.024
554.957
532.057
543.571
533.535
525.421
522.095
517.583
518.579
509.698
502.294
497.762
500.768
483.764
