803.846
787.049
776.322
766.331
733.867
714.019
688.088
666.011
651.857
628.266
611.634
576.421
567.021
550.433
515.601
492.647
490.468
454.81
444.775
431.566
422.51
380.318
383.953
360.926
344.689
335.423
308.029
300.937
289.957
278.237
254.99
257.837
243.563
239.873
231.82
216.551
214.051
200.469
205.708
197.364
188.887
184.498
185.615
175.027
169.872
169.221
167.733
164.183
160.933
151.924
157.178
149.357
152.523
151.135
145.667
147.596
140.999
139.508
139.468
136.35
138.025
136.464
135.932
136.023
