934.217
933.249
929.735
922.486
915.884
907.088
895.562
886.609
873.805
859.806
844.706
833.701
825.818
810.353
802.781
782.67
770.825
758.504
752.567
742.324
727.73
727.576
702.568
695.543
681.783
676.517
665.197
659.869
644.989
628.409
630.132
612.149
607.657
597.085
598.877
583.544
578.371
569.399
558.584
549.669
547.792
537.588
527.622
521.932
509.483
521.677
513.592
500.288
488.091
475.946
475.625
476.654
472.921
458.036
457.122
446.433
446.776
441.207
439.96
426.007
420.56
426.102
427.415
414.696
