503.809
479.385
460.202
433.322
419.994
391.579
371.723
362.262
339.195
328.619
303.672
296.024
278.301
263.993
258.433
247.607
230.289
231.008
223.111
210.248
203.294
199.454
191.093
183.933
180.939
176.288
171.849
168.2
159.784
154.356
152.084
148.711
146.553
142.652
141.3
142.573
138.271
137.981
135.148
132.352
133.975
131.306
131.204
128.719
128.957
126.753
125.353
125.786
124.181
122.663
123.562
122.786
119.405
120.26
119.63
120.047
117.992
117.637
116.192
114.776
114.156
115.301
113.198
113.591
