930.788
928.097
924.434
917.312
908.344
898.435
886.601
872.914
861.082
849.602
839.984
818.527
803.2
797.113
786.457
768.847
758.035
755.946
729.148
720.146
703.792
701.474
679.397
672.344
668.012
649.54
643.049
633.582
630.956
609.605
595.881
599.804
587.415
583.562
569.368
555.211
548.405
539.107
532.372
523.191
528.945
516.377
496.446
495.976
488.161
481.325
476.596
461.028
458.838
457.239
447.496
440.515
441.707
429.752
433.555
424.264
416.849
409.675
414.756
413.854
397.839
392.182
386.009
384.531
