598.263
568.677
545.457
523.541
497.582
464.004
452.86
423.019
405.167
379.279
369.542
339.738
334.078
317.924
299.641
282.418
273.665
258.937
251.122
242.007
234.54
219.331
214.864
203.881
194.041
193.081
186.794
179.889
173.514
172.513
161.788
159.682
157.125
153.004
148.069
144.959
146.115
141.416
138.283
139.617
138.886
136.56
134.617
135.401
132.43
128.888
130.595
129.031
129.154
125.889
126.086
124.011
124.147
123.665
123.214
120.771
120.179
121.825
119.364
118.491
118.996
117.138
115.814
113.91
