622.356
610.457
564.426
554.803
523.295
494.53
468.849
458.52
416.242
404.877
382.793
372.137
346.925
332.863
313.127
306.958
277.431
268.412
257.025
248.356
246.872
225.848
220.793
213.058
205.554
196.519
186.63
180.231
180.218
172.13
167.353
160.584
155.434
155.465
153.039
149.436
145.656
145.998
141.685
141.016
139.822
135.775
135.158
136.155
135.088
133.158
132.475
129.104
128.702
126.115
125.956
125.475
124.443
123.822
121.6
121.294
121.639
122.267
119.14
120.02
117.65
118.954
116.703
116.311
