952
949.84
948.092
942.586
939.056
929.18
923.154
912.166
904.871
894.557
884.197
873.415
858.057
857.238
841.42
838.145
824.104
815.251
802.485
787.016
792.149
779.523
768.898
753.478
746.847
739.722
727.195
722.522
720.457
707.713
703.947
688.358
682.809
676.808
669.281
658.113
649.108
646.425
652.635
629.601
633.984
626.15
618.975
612.349
602.884
598.915
593.76
586.933
573.14
578.631
571.833
568.596
565.583
552.082
553.142
540.086
546.871
532.623
525.831
533.856
527.184
518.135
521.997
512.078
