939.935
937.367
933.63
928.696
921.226
913.055
903.669
892.925
881.387
867.549
860.264
847.41
832.358
818.007
812.451
798.016
792.624
779.935
767.431
755.227
735.1
731.309
721.963
715.014
697.831
687.462
680.782
660.821
664.954
659.106
652.799
637.458
621.708
623.722
616.386
600.016
593.305
584.955
575.309
580.651
571.142
562.483
556.473
542.32
531.891
519.926
529.662
526.319
508.986
509.594
502.334
515.505
487.523
491.149
486.892
481.262
479.123
471.186
467.644
454.613
447.341
456.438
440.794
440.483
