924.737
923.493
917.904
909.542
899.286
890.31
873.838
862.451
848.737
832.475
823.193
802.109
793.289
778.181
759.221
761.055
733.617
725.788
703.886
699.974
685.267
680.609
655.766
644.867
634.602
626.435
614.46
609.695
602.453
596.608
573.963
562.544
560.135
547.865
539.658
534.111
530.02
511.875
493.859
500.454
487.307
484.084
477.197
464.327
456.678
459.108
442.973
439.707
431.773
429.394
432.415
411.762
408.573
407.49
404.051
400.171
387.549
381.438
380.559
370.552
361.5
366.507
357.757
355.658
