790.117
776.625
762.136
728.175
719.135
700.063
682.876
653.606
635.928
615.283
584.982
559.309
547.06
522.826
508.474
477.567
458.864
448.784
414.585
403.39
392.152
371.23
350.178
331.698
323.768
304.821
309.911
282.988
263.522
262.69
251.92
238.211
233.118
225.372
214.123
208.697
194.629
188.196
186.504
180.667
182.28
176.748
175.361
171.274
161.103
162.699
157.431
152.594
154.384
152.888
145.388
148.401
142.817
144.692
143.627
140.358
135.601
136.365
134.658
132.881
132.576
130.879
129.656
130.157
