950.795
949.08
945.625
941.456
937.117
927.799
922.048
912.253
898.358
890.73
881.658
869.351
858.194
844.846
838.169
830.214
818.574
812.174
802.444
792.754
773.346
770.499
769.148
753.122
744.417
733.111
725.685
707.797
700.928
701.465
699.481
682.871
667.88
666.509
670.468
656.676
648.228
650.838
635.171
633.254
617.918
611.865
609.28
603.574
589.547
592.501
588.151
574.352
568.231
563.23
572.194
563.931
550.058
555.547
552.652
525.62
525.547
524.912
521.094
522.39
508.195
504.444
503.939
504.377
