944.654
943.51
940.368
934.674
928.393
918.545
911.804
900.442
887.516
882.793
864.001
856.789
846.118
830.642
822.01
807.717
802.44
794.93
777.814
764.374
751.459
751.49
733.819
737.407
718.514
706.217
706.44
699.229
691.837
679.978
662.674
662.796
663.606
651.17
635.064
631.522
625.65
608.448
595.182
598.063
589.074
597.682
582.036
576.037
569.264
551.635
548.625
538.088
550.601
529.981
528.29
522.189
519.679
518.183
511.225
505.738
506.067
492.545
490.163
485.682
478.949
461.467
468.658
465.087
