868.967
858.439
847.724
834.498
819.633
806.713
783.516
772.483
751.02
735.678
711.831
693.777
674.156
653.043
646.387
626.275
602.377
577.169
580.634
558.577
540.976
527.437
509.693
503.668
476.003
460.618
459.124
440.433
416.135
422.021
390.875
374.006
386.318
380.811
358.782
346.688
336.001
330.154
322.475
307.328
308.165
301.281
292.394
273.286
274.203
257.902
256.802
247.962
244.453
233.457
229.022
232.819
229.438
220.053
219.029
212.663
198.581
208.41
200.592
191.795
194.754
184.306
184.959
173.864
