850.795
842.217
832.774
813.305
800.321
786.142
761.384
743.6
727.498
706.453
689.796
669.823
647.538
628.177
613.695
591.221
582.001
558.403
548.354
523.486
504.053
493.744
471.319
455.82
448.624
437.024
410.395
408.901
401.376
371.624
366.287
353.398
326.868
328.632
329.188
316.737
309.432
299.4
290.562
266.462
266.031
273.976
253.629
246.39
241.923
232.34
222.905
214.64
205.217
206.861
201.751
201.296
195.456
188.184
187.214
186.523
179.69
167.748
171.999
174.49
166.868
165.83
168.807
161.701
