951.84
949.373
947.226
943.625
936.291
927.222
921.088
913.666
906.417
891.945
883.978
877.349
862.774
852.892
847.713
832.983
822.712
811.873
798.795
789.761
782.212
765.133
762.952
747.662
744.832
733.465
727.889
717.208
713.841
697.226
689.887
684.229
684.001
668.124
674.222
661.712
654.728
649.821
637.712
638.596
636.675
615.278
620.171
605.251
601.394
593.842
581.588
573.854
580.114
569.125
566.035
563.092
562.406
550.21
540.239
542.608
538.507
531.845
523.115
528.123
510.784
522.42
512.787
507.588
