947.47
946.615
943.048
939.156
930.553
925.039
914.573
903.894
893.501
882.774
870.938
862.141
848.901
843.478
836.613
815.663
811.357
806.278
789.273
783.521
765.861
764.286
752.008
740.6
737.478
711.736
711.791
714.438
694.645
688.705
677.635
672.635
671.834
656.28
648.614
640.816
631.193
625.484
611.529
609.922
606.618
595.804
592.166
585.159
583.879
562.195
569.12
561.336
553.103
545.59
540.233
536.618
542.451
528.189
530.744
507.535
518.118
505.778
505.946
497.388
487.295
481.311
485.701
483.267
