944.488
944.793
941.586
937.76
928.91
925.784
913.359
903.641
892.474
882.693
872.785
856.875
854.321
836.647
835.357
810.594
804.93
796.419
785.043
774.697
763.004
754.115
743.627
733.254
724.137
722.668
711.283
703.609
693.532
684.297
679.488
662.35
660.443
658.333
640.361
639.373
629.657
625.822
609.017
608.607
600.857
600.106
584.682
587.047
578.304
568.866
557.082
563.957
553.768
545.922
540.914
528.273
540.689
540.949
518.136
508.318
501.65
514.01
500.112
486.615
490.52
481.727
478.525
477.748
