921.674
917.996
914.585
905.026
893.781
884.214
870.957
854.71
836.628
826.879
810.571
792.794
779.992
770.343
754.983
738.077
725.88
720.831
699.003
689.743
667.817
653.377
648.103
640.921
627.335
613.443
608.284
592.535
577.812
568.169
579.019
570.315
555.231
535.721
534.587
518.25
495.704
503.646
473.206
494.188
468.917
457.936
452.408
455.27
438.059
435.706
428.173
423.079
420.552
412.49
406.629
397.212
399.467
380.853
374.505
367.059
363.61
359.226
365.653
341.735
348.386
346.077
331.346
338.114
