944.295
941.146
940.163
934.066
925.796
919.731
907.843
898.777
887.866
875.521
867.254
860.441
846.073
830.533
821.726
811.714
797.924
784.88
772.107
759.884
760.653
742.404
739.376
723.392
721.012
709.904
701.873
691.923
680.296
665.962
671.936
655.553
647.746
638.983
636.685
613.527
614.973
610.32
605.579
599.555
592.006
598.08
579.132
560.835
564.378
552.416
560.982
544.557
542.11
528.578
531.836
529.873
522.084
518.106
502.459
498.814
494.391
494.047
477.486
479.538
482.565
475.236
465.936
461.388
