856.825
851.518
838.674
827.099
808.86
795.722
766.845
756.01
743.046
713.32
705.101
681.895
662.789
637.758
628.565
606.994
597.23
565.949
548.179
544.515
526.53
507.496
494.826
462.109
470.357
455.247
430.381
430.308
418.622
396.609
378.942
374.152
361.871
347.159
342.917
334.104
319.902
311.453
308.234
294.79
287.86
274.453
257.248
262.271
247.394
253.7
243.127
225.599
230.272
232.315
221.511
218.195
211.532
200.717
196.695
198.858
193.228
188.584
178.23
180.327
173.531
176.345
174.218
172.412
