938.397
936.119
932.309
927.415
920.34
911.018
900.691
889.055
874.591
870.347
852.385
846.225
827.973
819.959
807.212
792.024
780.301
774.506
759.075
752.355
733.092
722.199
721.611
709.604
692.308
689.108
676.628
671.521
663.794
648.188
634.356
626.096
626.752
614.767
606.116
603.122
593.48
582.489
578.158
565.443
554.966
560.9
552.101
547.198
536.037
535.183
521.033
515.72
513.38
511.36
494.692
491.011
487.908
488.259
479.333
484.926
476.815
467.555
444.826
448.806
448.041
444.726
435.628
428.273
