903.409
900.68
891.93
881.376
875.182
857.469
834.899
824.455
810.202
800.064
783.096
760.542
745.625
731.512
719.646
700.575
681.958
662.873
656.313
647.326
635.871
617.795
597.128
586.153
576.07
548.123
549.988
536.066
528.229
511.728
496.347
503.953
475.104
465.789
473.195
443.494
444.026
427.448
427.123
422.868
408.357
397.209
403.742
392.069
380.274
376.9
367.041
353.182
344.263
329.368
341.612
341.368
323.59
318.274
317.941
307.352
301.415
296.958
286.771
291.103
287.711
282.897
279.083
268.303
