934.504
932.869
928.41
923.669
913.187
903.604
895.579
885.952
872.371
857.279
840.78
835.149
818.211
809.468
792.269
779.278
771.662
753.888
750.756
730.805
719.214
707.628
701.673
687.231
678.207
674.23
649.275
650.789
633.011
635.069
624.414
611.663
605.257
591.078
576.963
573.971
565.203
556.31
553.417
548.49
536.275
536.483
526.455
533.71
510.089
508.996
489.532
489.285
480.491
474.52
478.797
461.601
451.358
459.113
454.48
445.472
444.256
434.501
440.797
428.023
411.737
410.339
408.476
403.899
