923.309
920.114
914.973
907.308
898.454
887.046
873.283
856.145
845.004
831.285
814.801
801.711
785.733
771.995
762.905
742.333
738.002
716.403
711.916
690.032
674.239
672.735
657.844
645.637
630.961
617.293
618.011
590.343
579.01
581.837
562.358
545.808
547.963
544.113
545.507
529.007
524.673
497.241
489.706
481.747
473.935
475.516
467.369
455.337
452.711
447.071
441.119
425.058
424.808
417.261
412.261
407.862
404.552
390.699
382.354
390.027
367.911
373.542
364.752
362.534
355.121
346.459
344.977
351.767
