919.989
916.335
913.396
904.462
894.563
879.962
865.624
852.552
836.677
824.954
810.81
794.547
776.959
770.769
744.569
729.708
714.905
708.137
699.159
684.208
657.462
650.668
637.373
626.995
612.503
601.257
601.456
585.377
582.539
562.67
552.588
541.315
526.932
533.254
515.279
504.858
494.132
480.819
473.563
465.544
456.792
453.841
448.846
449.243
430.801
425.714
409.669
432.226
404.206
402.697
388.094
371.881
378.103
371.864
369.416
353.02
353.695
356.049
339.736
346.666
336.608
330.33
322.421
324.074
