941.505
939.669
935.679
930.044
923.9
915.934
907.564
896.033
883.512
875.178
858.709
853.158
832.342
833.003
815.136
798.308
792.389
779.232
778.929
760.125
746.972
735.792
732.501
718.135
704.021
702.026
688.749
683.802
672.995
660.227
652.849
657.96
636.696
628.171
623.997
612.629
610.515
602.306
594.957
585.487
573.143
574.398
563.539
557.766
560.501
554.633
541.68
532.534
532.289
530.059
521.901
512.656
506.1
496.119
500.372
493.548
482.46
477.824
471.589
470.935
466.986
461.682
454.555
448.168
