1,2,3,4,5,6,7,11,12,14,15,16,18,19,23,26,27,29,38,48,52,53,54,65,71,74,77,79,95,97,104,107,115,124,129,135,144,154,162,172,180,184,186,215,241,243,244,265,269,295,303,306,308,320,331,335,337,352,371,375,390,420,430,446,480,489,496,500,508,511,524,609,615,638,642,656,667,668,669,706,734,740,746,762,767,778,804,805,837,848,857,860,861,898,937,942,993
0,5,7,10,18,31,33,36,37,50,52,60,62,66,92,114,150,163,184,207,213,248,259,272,307,313,316,319,320,350,363,409,433,444,445,582,608,624,663,670,820,942,965
0,5,6,8,11,12,17,21,28,32,42,45,47,48,52,56,61,63,70,72,79,81,101,103,108,110,121,135,143,148,158,165,166,173,179,208,209,218,219,226,236,241,246,273,275,279,283,285,293,294,301,334,343,345,371,376,395,417,443,460,518,519,535,550,553,613,625,635,664,673,683,753,754,793,797,827,890,941,954
0,63,188,346,417,905,918
0,5,6,9,10,12,22,29,31,39,45,62,81,87,94,100,107,130,143,144,159,182,196,208,212,228,266,269,286,301,353,367,392,402,409,411,477,495,522,525,544,600,605,606,616,632,677,752,761,810,859
0,1,2,4,6,7,8,10,12,14,17,18,20,22,23,25,26,28,31,33,37,46,55,56,65,86,97,105,107,117,118,122,138,178,213,217,220,223,225,228,264,265,267,268,292,306,309,329,332,350,351,352,369,372,399,429,436,452,455,461,478,520,528,530,554,569,596,611,614,624,631,634,642,684,697,698,710,714,716,730,733,743,746,778,784,790,803,948,984
0,2,4,5,7,8,9,13,14,16,19,27,28,29,30,35,39,58,63,73,76,80,83,85,114,123,132,153,177,185,216,224,225,274,275,287,333,335,364,379,421,432,440,498,585,599,618,627,674,679,690,727,732,750,807,830,845,883,916,943,998
0,1,5,6,8,9,10,13,28,36,39,40,51,53,70,79,83,85,90,92,100,110,125,130,136,139,142,145,152,154,157,161,163,183,187,214,244,248,258,268,281,287,304,317,343,347,376,398,442,445,446,468,471,472,480,490,509,511,518,582,595,598,602,612,645,646,661,685,686,747,751,806,847,851,886,922,936,997
2,5,6,7,9,11,13,19,22,23,24,27,34,36,41,45,46,50,56,57,60,71,72,80,87,91,98,104,112,113,118,120,126,130,157,166,169,189,200,202,209,214,227,236,244,270,273,315,384,388,400,409,411,438,441,450,457,503,504,514,587,618,640,644,657,688,693,728,731,733,761,782,789,827,847,869,923,925,936,976,987
8,4,6,7,11,15,24,25,43,44,54,64,69,75,77,83,97,146,147,160,175,180,225,250,256,280,291,333,339,381,424,429,468,482,501,528,534,551,605,623,632,641,694,721,737,832,888
1,4,5,7,21,66,115,192,217,292,312,426,493,509,522,523,578,629,735,792,843,881,902
8,9,2,0,14,15,16,20,25,26,30,32,34,35,38,45,80,82,100,101,104,138,139,156,169,181,197,231,264,284,303,334,337,359,378,408,414,431,434,441,444,487,515,533,537,539,560,563,589,595,658,684,685,702,706,708,711,715,741,754,779,801,852,892,895,908,915,918,939,965,990,998,999
0,2,4,5,13,15,16,20,27,33,37,42,50,58,59,61,75,76,82,88,96,97,124,133,167,176,181,192,195,205,218,219,226,234,249,251,253,271,286,327,331,339,340,352,360,361,433,523,530,574,577,595,628,629,648,652,664,665,669,671,767,773,793,806,813,824,853,864,876,909
8,12,6,7,18,21,26,43,55,89,111,120,140,153,174,194,197,204,235,255,274,284,305,314,357,376,377,447,476,478,486,515,516,528,570,588,603,621,677,831,835,841,861,879,927,951,992
0,11,5,6,17,23,24,54,64,82,110,126,183,226,246,267,275,293,411,415,416,441,509,610,651,741,839,956
0,9,11,12,17,19,20,24,30,38,46,67,89,99,101,106,108,111,132,157,165,167,177,196,206,211,220,221,227,231,251,260,277,313,317,329,397,414,552,651,666,737,785,809,828,866,956,970
0,11,12,6,22,25,32,35,39,42,47,54,56,67,71,78,81,82,84,94,250,253,276,328,332,354,377,378,390,405,410,443,561,585,689,716,717,752,759,834,849
2,5,14,15,21,40,41,71,105,127,133,154,155,162,369,437,452,492,523,588,592,611,667,717,748,777,820,851,974
0,1,5,13,30,44,61,77,84,87,113,129,161,190,194,290,306,310,333,428,469,470,549,587,598,601,626,832,882
8,0,6,15,65,152,210,270,338
11,12,5,15,29,74,92,121,162,189,272,279,293,313,326,344,394,405,475,500,576,604,606,610,612,662,667,718,862,897,937
17,10,2,13,41,42,46,49,55,62,73,91,93,102,128,138,149,158,173,182,201,203,210,228,297,311,349,356,359,367,384,420,451,458,459,467,478,533,567,600,635,676,702,754,757,786,811,930
8,16,4,5,67,144,203,230,238,323,380,422,627,645
8,0,5,14,33,77,124,129,191,199,207,232,276,330,334,351,685,768,774,832,900,955,996
8,9,14,15,79,322,442,473,527,541,555,643,698,861,934
16,9,11,5,32,44,106,159,191,204,267,325,385,387,506,569,670,896,958,989
0,13,11,5,34,36,103,122,133,145,158,167,220,225,282,300,330,411,840,873,928,977,993
0,8,12,6,31,35,47,57,90,112,126,150,162,224,287,305,309,321,354,477,492,500,561,718,794,829,855,936
2,5,6,7,84,86,94,124,169,185,214,219,247,262,288,318,320,432,439,487,492,517,554,564,617,669,670,715,726,745,896
0,4,20,6,40,43,48,76,88,113,187,208,315,318,355,362,377,486,491,503,508,542,678,739,905,908,987
18,11,6,15,34,47,55,69,70,85,117,153,184,235,258,264,291,388,403,428,556,575,583,629,637,680,707,747,834,954,961,971,981,984,986
1,27,4,5,48,50,58,73,78,105,106,119,126,132,192,221,261,266,282,304,315,322,330,331,487,550,592,596,622,646,686,787,802,929,951,983
16,25,2,11,76,159,287,303,470,558,611,726,992
1,12,5,23,37,38,210,341,385,386,512,539,601,674,730,742,852
8,26,11,30,49,52,59,81,125,127,142,164,166,216,221,234,251,279,355,366,543,549,604,629,699,734,841,859,860,944
11,16,27,6,40,41,44,74,84,88,89,90,108,112,116,139,143,149,164,167,224,233,237,241,271,278,296,310,319,356,446,462,484,495,541,555,619,657,666,710,766,829,866,955,995
8,1,26,7,49,68,89,150,240,262,271,309,314,329,351,448,693,763,806,818,982
33,12,5,1,95,109,152,216,217,240,259,294,379,419,422,453,466,930,942
0,33,11,15,73,96,185,412,415,651
16,4,6,7,43,53,66,78,110,134,135,189,192,224,425,452,490,671,712,715,873,907
17,35,29,7,49,80,117,189,193,198,252,257,271,275,307,364,453,626,655,676,795
8,17,35,21,51,69,70,106,187,203,292,316,345,497,570,648
16,2,12,21,239,362,605,650,666,978
9,29,13,39,51,53,58,61,90,103,168,182,258,266,283,288,294,299,326,368,379,414,448,456,482,509,510,545,577,602,677,788,803,821,829,830,838,861,877,929
9,18,35,25,75,92,100,136,215,255,260,310,436,457,462,527,543,586,660,837,854
8,2,11,4,69,75,144,207,423,678,967
8,5,21,15,59,148,178,365,552,711,872,929
16,2,27,30,51,88,122,215,283,338,365,398,400,451,544,691,833,835,912,983
0,2,29,31,93,136,477,581,847,863,957
40,34,36,21,66,67,78,96,99,135,151,160,187,222,297,430,447,514,521,550,612,630,659,712,738,766,814,854,858,865,945,954
8,1,12,31,57,62,68,74,107,153,156,188,281,285,332,362,381,472,504,635,637,660,685,728,755,831
41,43,7,47,72,93,123,128,150,169,274,290,318,369,385,461,475,486,506,711,992
0,1,2,34,93,116,148,159,193,215,223,288,566,579,640,647,684,696,873,887,903,998
0,43,7,39,94,109,117,121,217,234,292,368,384,437,439,463,483,494,543,553,562,580,597,628,781,902
16,0,14,9,57,146,201,241,485,578,800,813,822,995
13,21,5,30,60,68,151,296,370,384,389,865,880
16,8,2,5,59,64,85,125,131,136,186,221,417,432,609,772,869,890
8,50,27,54,139,156,302,372,459,760,878,887
43,12,6,31,60,68,119,137,142,172,204,212,213,254,309,341,382,445,494,525,542,563,578,700,782,805,816,876,886
56,34,12,46,99,174,375,425,453,476,557,637,665,689,736,754,848,849
8,1,58,55,63,91,141,513,584,811,921
18,2,43,12,64,194,323,459,496,913,937
1,50,4,21,65,154,155,170,302,358,581,803,920,972
2,3,60,6,140,337,434,466,590,633
56,9,61,14,95,127,235,245,262,293,304,353,401,430,538,638,708,760,794,897,901,968,986
0,19,5,62,72,132,174,216
49,10,1,39,87,91,102,230,237,247,299,336,484,533,782
16,49,22,15,406
50,36,58,55,102,105,128,179,208,239,353,361,398,494,525,550,567,609,633,792,801,817,865
41,45,30,9,111,131,277,434,507,664,997
41,2,30,7,769,985
0,8,17,16,86,95,140,155,176,177,203,205,206,289,404,429,444,454,553,625,825,904,932
8,65,2,51,99,133,933
38,21,6,31,161,191,206,290,345,362,366,399,416,451,695,788,823,840,907,929
0,50,35,20,137,161,183,513,522,575,799
9,12,45,44,312,326,367,748,912
32,12,29,6,98,103,119,134,140,143,186,202,264,328,356,391,484,557,633,666,823,924,985
0,9,18,23,109,122,190,391,464,474,507,706,962,989
16,49,31,39,108,123,237,253,360,410,449,487,546,555,564,583,593,704,740
0,24,2,7,86,98,118,178,183,196,201,346,347,356,394,421,465,652,673,725,888,893,931,935,945,975
40,8,11,6,278,355,402,529,599,661,744
16,34,2,4,101,145,172,190,226,229,312,488,494,539,592,658,691,795,798,819,820,862,928
16,11,12,14,83,98,251,281,307,336,568,646,658,671
9,82,6,7,114,170,198,262,295,323,328,440,462,642,914,953
16,18,35,28,229,260,301,381,436,512,552,613,641,736,946
56,30,6,7,237,361,386,588,603,915
28,5,71,79,138,141,151,163,199,272,467,656,686,711,748,759,933,956
8,18,4,66,127,174,211,248,249,256,318,489,526,702,709,769,964
35,12,29,47,96,115,158,265,324,360,382,485,567,571,625,653,721,723,811,920
35,36,13,15,128,195,299,349,413,700,704,814,877
27,35,43,7,109,142,981
8,66,60,21,104,134,259,418,441,531,903
1,44,20,7,121,129,200,222,235,283,313,622
48,51,52,21,137,643
16,28,4,53,116,118,157,184,199,201,255,260,303,344,400,404,442,560,594,614,622,661,712,723,752,768
0,64,37,71,200,222,253,406,518,603,726,765,927
88,49,12,38,119,168,242,340,531,574,679,700,805,812
0,9,12,5,377,423,485,501,541,659,724
8,82,76,79,722
72,49,59,15,120,205,434,519,591,630,833
11,4,44,7,102,111,141,171,238,335,439,709,804
81,2,11,15,281,548,690,874
66,100,21,68,261,273,510,619,635,649,675
26,2,43,76,173,191,524,852,909,969,981
0,11,91,8,238,369,480,512,767,872,972
17,68,5,31,115,125,180,399,413,470,564,596,647,694,697,701,729,777,810,845,867,905,966
41,15,25,31,171,193,233,243,282,363,450,458,607,857
0,50,4,5,252,337,396,418,472,480,771,774,990,991
2,35,78,15,113,123,146,188,222,229,239,242,277,289,391,437,469,490,498,574,581,597,605,649,883,951
37,90,53,77,112,131,165,177,246,258,351,409,565,768,775,781,810,875
2,39,14,7,223,270,311,327,334,393,567,777
100,69,13,15,149,173,195,197,209,364,425,438,530,538,555,657,709,720,758,844,895,982
8,35,27,109,131,471,731,784
8,18,108,29,114,218,243,395,486,580,599,618,689,974,979
1,83,113,6,116,179,182,254,461
88,0,10,105,181,370,375,403,408,449,587,959
114,35,52,94,147,316,344,395,397,493,497,690,911,928
40,5,53,30,175,353,401,501,742,811,845,848
8,5,94,79,120,175,295,308,392,481,672,729,756,789,858,868,894
96,58,76,31,160,181,308,438,445,479,910,984
8,99,13,118,130,134,141,148,160,168,310,317,408,792,955
2,20,53,92,346,393,608,877,960
26,5,77,47,146,147,239,250,261,304,481,534,572,652,705,750
51,108,78,6,149,163,175,212,366,410,424,569,595,630,652,692,722,824,957,968,988
0,12,28,23,145,164,166,380,516,562,589,797
56,105,34,7,211,212,372,475,621,667,808,860,874,963
8,27,14,31,343
64,17,34,87,230,236,332,593,627,630,657,698,864
89,51,68,21,248,524,529,596,687,691,732,751,889,893,943
0,18,92,23,602,682,963
120,8,4,7,137,285
56,109,112,69,289,319,383,394,404,437,623,975
65,15,6,31,165,176,190,214,325,679,953
72,17,26,12,308,544
120,91,76,39,279,568,886
0,49,2,39,151,625,788,926,961
56,48,44,7,554
74,58,93,130,231,321,374,388,521,589
5,11,21,86,218,744,786,851,875,923
11,57,35,7,170,171,229,278,341,448,471,472,659,707
76,13,71,63,381,383,557,983
100,60,120,86,428,572
58,34,90,7,152,256,344,421,536,761,778,779,986
2,35,76,4,156,170,238,250,291,330,457,504,512,551,688,741,762,771,874,972
0,4,45,22,147,155,276,306,449,474,495,660,831,839,844,912,984
81,26,124,7,696,799,966
9,122,108,54,554,919,949
144,9,122,116
120,2,52,46,176,193,195,230,247,342,395,469,505,719,878,942
123,35,21,111,199,210,232,257,473,734
27,1,51,36,168,197,299,371,416,862,992
135,49,86,55,209,491,531,876
19,37,142,7,172,240,325,783
50,13,6,30,295,342,848
0,17,62,7,164,364,371,396,401,427,669,794
144,17,62,71,171,245,383,491,583,917
57,50,11,143,223,232,305,414,431,525,527,540,570,597,695,769,970
8,15,94,7,280,312,319,403
88,2,26,21,513,540,978
32,25,52,4,179,354,374,498,598,783
120,9,49,119,198,206,227,263,560,585,647,658,780,967
73,18,74,7,516,958
0,17,27,20,178,198,220,247,288,311,331,339,343,350,489,498,501,526,593,615,863,908,938
1,123,86,7,263,324,529,580,708
154,35,124,34,286,348,453,484,514,650,815,837
2,132,109,15,455,506,731,778,797
8,2,124,34
26,35,12,15,252,276,297,537,598,616,623,664,714,722
120,43,96,150,256,289,379,563,747,902
8,51,11,28,180,257,413,433,474,780,807,870,990
83,139,62,143,202,252,255,382,538,559,644,675,892
106,139,100,155,240,392,622
152,81,58,0,202,254,298,341,359,497,546
2,111,21,103,219,249,300,338,548,626,661,678,727,791,839,853,858,886,899,932
65,59,13,87,373,399,468,535,766,800,980,988
9,123,117,118,196,207,234,290,342,415,464,476,573,672,718,736,745,900,923
148,132,12,71,233,348,478,870
15,109,6,71,213,425,435,632,855
162,5,46,79,194,200,231,502,724,763,765,791,973
2,68,114,159,242,274,432,559,649,943,999
0,105,169,9,188,232,426,729,776
11,115,12,119,315,564
114,43,4,21,298,311,363,674,835,947,976
74,14,79,7,186,324,479,915,938,985
0,1,94,30,185,211,358,397,560,735
184,28,38,6,578,871
0,56,76,183,357,603,663,696
41,49,29,7,284,515,575,682,755,963
108,50,3,180,259,277,717,721
40,8,20,39,370,546,576,737,885
81,18,132,77,294,297,336,340,402,405,621,653,871
73,25,23,103,233,284,322,358,536,683,767
10,31,12,39,439,614
40,106,148,52,285
13,178,18,61,272,370,473,637,864,931
89,148,12,111,607,642,739
175,4,15,79,243,280
11,13,150,111,388,571,687
160,40,162,83,413,457,751
94,149,86,23,204,714,809
8,178,92,95,714,933
94,21,54,79,889,965
8,170,172,76,261,390
41,21,22,71,205,242,282,429,436,718,786,802,910
25,58,13,199
99,203,12,71,227,349,547,548,683
160,73,71,15,570,758,966
1,45,175,23,265,427
2,4,29,68
8,2,111,151,236,327,345,348,440,562,620,823,931,974
33,19,21,149,269,300,517,535,624,801,808,818
184,15,125,87,245
58,123,4,125,245,270,392,458
177,58,5,1,618,662,710
8,132,28,7
0,52,44,47,278,474,573,716,732,776,975
65,34,37,6,648,703
37,10,53,5,244,263,460,762,815,855
113,138,2,12,329,463,466,467,937
2,12,28,173
162,26,5,15
56,34,15,31,443,488,662,678
49,108,95,92,454,496,860,894,934,987
110,156,5,52,499,579
27,35,6,39,228,349,403,533,549
9,26,5,6,338,420,423,442
81,2,12,14,464,713,787,994
160,8,205,15,394,479,507,508,950,973
224,5,4,21,418,520,545
81,139,108,84,852
66,148,22,127,361,530,659,805
137,178,11,15,365,471,839,844
180,156,149,23,263,398,438,692
176,106,35,191,324,812,836,996
34,12,53,175,246,373,400,643,648,699,775,834,918
64,92,13,30,427
8,209,2,127,465,499,528
66,35,85,78,249,302,323,863
104,100,22,143,360,708,958
108,122,42,68,268,416
152,171,36,37,298,568,880,909
0,2,35,54,350,654,675,703,794,875,909
96,203,108,179,269,291,401,591,976
0,113,106,196,266
8,0,217,7,692,743,856
64,211,212,155,481,576,641
2,234,109,14,298,375,601,756
148,162,28,66,380,393,566,577,690,728,742,838,879,897,922,944,961
128,1,87,7,254,286,300,348,385,406,561,590,694,757,777,824,859,901
237,12,173,87,257,339,396,407,784
16,9,122,143,359,534,606
82,12,34,15,305,504,584,613
40,170,107,167,672
16,12,78,95,447,901
248,58,172,114,320,840
170,44,13,94,363,422,483,645,695,856,920
168,9,142,87
40,249,169,149,532,638,758,850,871
43,109,30,7,368,619,888
1,91,188,37,273,412,593,639,713,739,876
84,44,94,15,676
202,102,122,31,347,378,878
64,83,28,36,335,389,725,892
160,217,163,232,267,280,378,423,449,465,547,765,779,927
11,76,5,30,321,456,933,979
0,88,5,207,523
43,243,4,31,268,358,407,780,863
25,5,14,263,365,430,466,510,738
266,239,5,7,454,477,511,692
0,210,242,4,314,316,431,638,753
8,19,212,110,483,531,559,563,686,730
40,35,36,12,493,887,934,947
1,194,20,86,482
8,2,259,102,568
179,51,13,6,419,440,644,749,939,940
40,2,6,14,372
144,16,167,23,639,741,941
188,108,69,15,301,307,355,380,465,756,850
80,35,139,215,373,582,701
34,2,20,134,541,656,790
9,196,157,263,302,326,354,479,688,980
50,82,101,7,340,775,969
26,106,203,31,296,680,895
2,43,92,47,580,789
187,11,13,191,511,784,872
193,2,50,130,387,455,842
248,164,4,12,921
32,27,6,7,366,503,519,597,663
162,43,28,52,738
168,131,108,71,387,435
73,18,51,175,346,538
9,242,30,143,322,468
41,10,53,5,296,327,490
64,2,20,14,317,460,572
2,43,37,190,419,450,460,461,513,808
0,153,83,118,574,654
282,35,292,55,407,426,476,694,772
49,21,190,167,314
240,172,182,246,499,818,882
89,66,43,150,566,627,935
248,210,26,173,321,328,773
2,277,84,4,422,427
280,57,237,62,802
32,0,11,94,408,639
64,122,31,7,325,556
27,251,156,13,435,551,600,959
144,0,18,5,503,857,977
40,1,82,277,376,396,632
0,133,118,119
58,27,36,5,383,424,435,551,680,683,828,832,884,894
120,18,35,44,367,747
162,182,21,110,456,562,573,617,814
81,10,75,157,743
1,92,20,15,489
297,13,36,269,505,796
8,29,181,31,549
41,116,269,1,333,357,374,393
120,7,293,15,336,405,482,615
51,28,29,87,342,796,836
1,131,157,35,890,899
0,1,28,254,557
264,137,27,300,524
24,291,31,191,352,433,452,610,623
61,83,237,22,391,483,677,800,846,913
88,233,163,183,463,724,862
304,25,132,152,640,804
280,75,43,20
209,12,110,292,704,753,845
16,83,76,300,387,634
218,36,5,15,500,772,973
26,23,31,143,815
0,162,12,31
16,50,5,127,689,713,743,759,967
9,18,316,6,389,542,654,732,817
2,11,110,23,412,421,733,873,940,995
0,100,6,262,390,455,712,855,930
66,317,82,190,347,880,911
0,11,107,63,559
225,19,173,47,540,699,872
9,162,12,249,526,772,962,987
96,281,12,190,357,911
33,58,139,172,382,656
153,148,318,175,368,898
162,2,126,7
116,142,20,94,670
73,41,2,209,636
121,290,3,79,907,965
336,261,79,7,655,746,900
248,209,164,176,462,526
224,89,21,205,949
1,162,241,5,373,415
5,36,109,23,412,701
0,322,12,5,404,517,725,763,826
64,4,68,117,374,985
16,280,27,159
80,34,29,277,565,681,916,922,947
35,76,21,79
186,316,13,340,818
184,266,62,191,600,755
250,11,172,21,402,611,650,668
88,78,12,238,444,785,964
12,85,230,68,517,960
73,42,50,29,913
1,106,182,255
40,154,6,111,496,558,949
267,231,46,47,443,552,775,812,889,970
73,34,123,287,660
75,4,21,310,576,906
258,43,53,342,406,454
104,17,51,5,579
194,115,189,55,386,426,428,770,844
0,2,150,154,386,419,581,608,749
57,125,275,5
350,234,174,278,830
353,137,316,159,410,532,619,796
0,59,115,246,451,745,750
2,307,13,7,417,497,615,749
16,97,29,13
16,11,261,263,884
168,43,37,6,586
124,277,22,247,464,510,631,731
9,50,84,140,397,407,636,773
88,170,58,341,469,645
131,155,140,309,389,604,867,891
8,53,21,55,424,798
248,33,51,25,545
33,370,371,85
328,289,285,25,651
8,137,197,30,502,590
333,55,262,383,599,607
16,0,202,335,998
108,323,76,77
212,171,4,118,740,816
121,316,110,247,418
131,20,227,79,448
116,113,2,148,450
307,154,107,249,485
184,116,381,15
232,68,7,47,626,941
73,105,5,174,475,539,543,620,900
8,234,94,47,420,556,654,760,822
64,242,117,154,591,951
80,4,190,359
224,115,157,30,571,737,783
352,131,94,71,898,957
16,20,317,190,620,735
368,248,67,95,488,520,577,764
296,249,266,381,481
120,11,115,303,431,556,707,774
8,1,4,109
16,374,123,78,868,936,962
8,26,4,14,514,547,952
38,259,334,351,456,621,682
89,169,198,105,986
11,43,156,15
38,350,14,175,447,467,492,520,612,634,745,798,956
73,14,150,239,620,696,787,866,916
56,2,3,376,521
107,393,91,228,720
274,371,37,294,617,864
0,225,400,21,516,558
334,142,6,79,495,591,763
301,37,22,255
97,225,45,263,463,882,898
384,9,123,309
177,59,39,111,446,506,830
296,10,180,370,459,508,519,548,806,893,914,921
154,235,301,207,925
18,141,370,30
9,203,5,71,473,707
64,49,267,0,859,871
408,11,156,269,853
56,179,28,6,458,493
169,322,12,1,505,536,634,849
99,11,69,63,537,544,776
305,177,309,289,781,907
203,44,5,84,588
17,131,108,53,502,571,674,889
232,8,119,111,680,988
192,100,28,53
209,274,83,6,940
8,91,11,14,801
24,225,94,7,584,616
16,221,2,365,594
360,1,11,71,488,649
1,58,119,7,515,518,822,870
0,425,35,7,675
49,13,253,415,934,959
394,43,139,36,590,628,668,704,785
144,115,78,263,537,633,655,893,924
8,106,395,294,663
73,47,21,375,507,558,610,850,969
17,322,5,39,529,587
40,59,164,37
368,268,222,71
285,5,165,335,470,713,719,758,885,914
264,43,412,311,499,766,877,954
8,44,198,143,665
432,106,212,21,491,606,631,636
57,426,21,61,734,831
217,2,293,294,834,945
114,51,5,294,532
83,35,348,44,687
218,324,53,423,532
226,380,77,175,681
236,277,79,263,586,614,774,887,916
218,267,37,63,983
218,21,86,415,502,729,802,952,997
9,291,174,7,521,744
148,18,108,382
32,105,18,455,547,573,924
112,231,139,7,999
50,107,139,7
24,194,149,429,703
144,169,77,215
51,20,125,399,561,688
296,59,13,175,723
48,27,268,4,565,720,842
176,13,21,5,522
280,227,119,183,915
104,0,107,7,505,624,756
122,245,118,407,653,771,969
272,9,43,317,695,953
323,53,270,255
164,66,35,76
88,97,396,54,575,961
113,29,51,13,542
11,28,78,31,662,755
81,444,221,406,535,579,752
0,313,162,87,653,723
108,39,292,7,790,841
458,155,29,151,808,928
17,27,28,415,926
432,10,116,271,736,920
81,58,68,53
144,35,4,421,819,884
0,364,61,222
376,41,172,116
162,108,6,159,594,878,932,994
456,298,236,223,826
0,329,27,20,536,884
9,162,117,97,527,673,699
178,467,388,437,693
8,306,29,287,804,971
8,50,251,143,869
480,433,314,148,853
425,51,165,25,793
451,77,69,227,676,792,816,996
0,426,227,29,693
10,43,14,7,943
267,43,380,102,757,867,903
0,284,268,7,613
104,33,84,143
294,74,60,158,639
8,49,411,164,534
11,13,187,445
124,161,420,13
352,361,210,28,540,545,681,785
2,7,445,95
2,426,99,287,628
228,5,406,415,717
137,417,468,49,705
10,4,74,478,546,572,762
17,10,12,265
0,321,128,103,764,816,838,896,948
58,156,4,68
162,339,348,87,948
24,156,44,501,569,602,919
9,13,236,5
128,80,163,452,926,980
12,5,230,111,865,917
96,91,270,151,879
257,461,374,463,925,994
224,66,11,21
9,514,250,122
488,210,2,174,836,981
433,500,142,191,608,706,735
449,434,11,167,687
64,170,290,111
81,33,11,399
338,156,517,158,773,895
24,97,35,279
58,29,333,486
34,44,53,399,584,668
434,4,133,47,702,825
385,43,228,517,842,912
522,172,189,78
411,205,470,263,589,700,948
426,101,205,173,594,738,815,949
224,18,34,315,640,722,971
49,2,68,31,553,607,631,753
305,309,9,143,616
84,365,46,15,716
2,53,550,71,565,592,996
136,146,28,5,697,867,979
24,35,78,111
408,304,400,30,617,788,800,858,918
320,59,140,76,673
32,364,451,420,679,847
337,170,179,270,566,646
160,11,94,184,586,975
248,16,27,475
209,124,53,311,681
168,58,11,270,643
105,28,181,78,582,896,919
553,109,355,477,742
299,52,559,247
88,68,21,110,725
240,273,82,134,881
25,123,5,527
41,156,13,206,750
197,88,403,437,904
522,293,122,141,601,682
175,215,470,311,823
96,108,12,295,905
74,187,485,30
245,20,189,367
43,12,406,247
185,58,10,54,604
488,369,52,223
113,163,283,53,585
48,371,108,62
1,564,278,7,583,789,827,837,891,903
582,155,78,30
442,251,60,543,814
16,580,6,160
560,465,379,44,665
8,18,115,452,655,906,908,964
17,13,436,85
11,137,547,124
248,388,448,63
401,242,99,421,875
81,17,31,553
162,259,78,127,744
498,443,548,94
11,123,12,7
128,105,5,31
156,108,53,287,760
159,167,18,7,672
80,113,389,6
305,4,21,358,720
33,18,572,246,609,650
129,43,7,527,765,809,890
186,85,13,95,843,880
34,20,578,383,721
9,42,108,4,841
458,250,20,4,705,833
106,195,389,550,636,935
536,121,371,1,647
0,601,56,68,854
322,451,20,14,807,819,821
32,17,5,359,840
49,20,7,415
2,251,84,511
192,465,5,94,791
0,162,376,317
442,4,551,167
419,28,556,311
8,113,213,6,748,781,989
102,258,35,374,701,846
416,209,405,399,644,751
125,412,13,190,828,957
171,92,94,31
9,322,131,167
480,1,210,5,730,799
88,2,71,135
40,18,173,398,917
299,127,22,6,795
448,12,53,519
34,10,12,30
99,49,123,127,761,807,914,939
458,380,5,550,885,940
177,9,307,4,950
449,68,76,63
328,433,5,415,813,828,973
2,50,21,102,705,910
345,458,381,607,671,910
194,50,59,30
0,257,64,269,684,826,950
513,259,276,303,990,991
8,549,52,325,641,892
640,9,84,245
0,83,195,5,757,779
24,234,563,93,740,799,809
8,170,274,620,826
382,7,22,255,962
82,7,31,559,821,846,856
608,105,52,160,703
216,41,234,12,795,820
444,179,108,102
601,42,164,359,710
387,14,38,15
122,123,12,79
88,481,489,190
400,241,333,295
40,449,347,587
0,341,86,279,770
8,35,111,127
160,81,82,11
49,139,230,97,974
144,50,44,366,764,959
80,173,94,7
213,20,221,487
186,1,450,287,932
2,12,69,167,798
457,586,59,12,770
42,35,76,15,780
0,17,20,125
0,543,448,359
0,154,28,12,759
344,1,28,25
636,82,12,39,931
598,252,118,175
2,557,501,79
33,437,182,6,709,783
241,170,102,446,850
40,507,260,21,697,768,885
43,323,4,13
221,45,29,173,790,812
96,132,558,6,787,993
282,309,438,30,749
464,562,355,517,698,979
129,187,412,572,923,925
205,2,309,191,719
11,52,5,638
50,11,23,7
86,7,270,31
128,537,197,462,897,960
8,280,475,143,724,726,727,824,868,964
16,113,59,332,691,813,846
116,101,6,247,835
128,81,689,47,849,966
232,123,268,244,728
8,508,36,502
296,9,105,248,733
73,482,156,255
416,145,186,52
105,554,676,5,926
24,681,5,127,769
501,234,34,338
96,89,58,547,881
105,619,278,351,715,719,888
544,11,21,87
216,473,241,647
448,89,78,327
521,122,635,606
536,0,11,77,869,879
408,139,429,30
64,11,163,238
674,100,87,111,739
5,35,213,650,764,991
51,11,46,86
94,49,335,39,874
226,259,332,455,899
200,167,5,199
11,28,701,39
16,552,5,215,882,989
16,520,188,17,947,988
27,20,203,175
683,148,701,455,727,968
600,418,477,111
88,9,188,604,825
98,123,549,167
88,489,476,94,796
688,97,178,324
352,567,262,79
688,32,28,95
688,173,6,719
8,50,692,247,946
105,467,180,118,791
624,33,5,270,746
112,8,380,165
128,333,6,215,782
8,694,5,334,771,836,902,913
0,34,459,149,825,856,924,982
536,10,405,184,881,991
59,84,493,175,952
9,403,189,15
288,49,267,548,803
709,259,195,29,797,810,906
0,643,392,78
11,276,14,143,829
33,117,565,247
312,244,5,332
80,593,138,468
415,28,375,175,894,904
0,730,347,5,817
168,7,310,30
17,618,75,86
680,274,371,376
570,122,6,375,786
128,620,198,7
488,16,4,94,921
2,269,550,327,883
59,2,11,21
50,187,358,487,770,817
480,277,118,246
248,642,21,510,922
257,455,206,111
16,332,669,86
400,57,64,597
8,630,4,142,793
0,217,522,143,955
352,178,36,421
660,406,524,710
178,602,95,263
456,49,35,174,891,976
104,0,12,191,927
676,109,94,23
698,156,70,87
656,665,370,755
481,107,733,143
56,329,296,339,776
12,540,381,300
408,465,107,23
281,234,365,109
434,180,772,215
248,17,110,105,970
0,5,142,165
642,11,142,263,866
160,169,666,266,978,995
109,618,435,53
8,58,732,66
152,674,403,159,938
112,249,284,5,950
360,448,517,15
138,203,21,750
416,679,226,31
73,43,556,135,977
8,582,283,118
490,5,678,279
729,178,173,614,838,857
120,10,507,68,899
761,506,2,12
64,241,154,27,827,944
648,81,40,627,821
314,374,318,723
2,739,124,165
664,81,384,415
624,145,74,643,833,843
323,556,174,54,822
441,210,11,68,842
203,467,302,31
738,43,5,62,999
0,100,325,503,904
0,58,96,230
426,12,36,7
169,610,630,6,870
210,491,125,294
602,643,15,199,819
105,739,4,109,982
88,21,60,117,930
96,233,365,678
689,634,12,54
584,89,311,49
217,330,164,548
392,58,507,524
746,755,68,333
210,298,36,357,851
81,610,809,495
648,1,17,81,958
43,610,795,646
400,800,445,54,891
73,209,573,76
248,123,12,688
544,721,734,71
352,499,644,638,843
8,794,2,582
634,309,621,15
27,43,35,741
425,43,373,6
144,50,459,13
9,18,309,23
99,47,606,799
16,234,460,30
690,13,182,47,952
233,733,318,535
0,582,164,44
247,43,524,791
144,173,14,231
73,26,611,254
490,34,605,13,854
477,545,285,801
10,603,826,799
144,370,231,111
105,117,6,327,868
619,689,323,646
8,48,558,7,938
0,153,59,117
16,433,59,691
257,675,277,451
17,818,7,138,941
33,11,229,103
505,12,173,431
841,44,609,49,911
177,27,217,335
244,734,646,255
0,306,106,791
49,556,173,118
248,34,4,430
0,34,125,222
24,0,43,13
81,20,150,324,945
162,266,48,237
194,419,12,127
49,530,68,55,883
416,779,35,15
105,554,510,383
688,410,845,118
56,504,706,8
176,169,445,807
257,185,190,430,939,946
104,338,284,46
26,52,334,39,997
712,101,125,143
241,138,109,591
58,259,12,151,994
456,121,43,89,901
57,498,148,261
706,531,13,247
240,336,603,55
568,10,700,735
298,18,716,423
865,108,753,6,972
378,500,309,495
455,676,189,631
58,173,134,7
57,52,465,271
9,258,701,79
128,201,365,437,919
56,602,2,319
582,383,822,766
640,170,11,262
128,449,426,79
745,118,309,222,967
282,11,540,111
25,28,564,524,917
64,687,20,247
0,404,342,423
792,713,173,319,946
399,175,347,23
64,248,877,253,944
168,733,10,53
91,52,582,510
745,571,804,71,906
105,3,29,574
904,587,739,367
73,346,435,39,980
162,587,11,29
240,241,12,103
635,636,203,119
116,336,340,854
144,545,75,47
61,362,323,733
426,83,630,455
183,11,85,479
416,465,355,6
896,530,155,626
3,234,11,556,935
889,146,564,527
88,493,62,255
752,426,60,286
355,7,757,247
8,682,138,175
449,76,734,470
8,682,427,532
697,492,529,135,968
767,263,13,95
81,26,491,116
73,43,46,31
37,811,21,335,971
209,194,79,671,978
498,173,71,663
72,264,86,200
24,447,222,271
918,299,79,607
8,410,27,7
0,218,20,61
183,162,783,847,960
274,11,630,871
440,274,334,631
2,851,276,398
0,1,148,37
128,179,509,6
794,34,901,247,953
49,460,862,79
728,899,84,871,963
355,717,182,271
547,524,5,526
146,364,349,548
784,227,632,638
401,108,13,31
736,835,467,411
944,482,83,132
456,49,2,30
120,762,35,23
86,15,14,415
48,123,404,621
161,820,25,238
305,115,660,447,993
121,938,361,687
247,485,30,135
410,339,77,645
129,946,187,125,977
360,587,688,87
201,346,11,1
105,145,691,206
160,332,45,894
64,123,926,719
281,451,481,103
777,156,365,15
930,549,30,503
104,883,62,143
178,329,634,227
209,659,113,17
560,215,131,79
8,242,182,766
306,26,788,963
42,931,780,158
264,681,554,113
280,529,907,174
90,535,30,103
810,36,734,111
466,140,47,31
144,5,30,119
353,76,70,183
64,413,142,30
8,339,29,222
123,438,717,174
25,618,716,77
107,169,11,639
735,107,710,639
32,51,13,150
0,959,26,679
876,226,498,532
334,35,780,54
553,507,233,23
873,467,69,7
11,52,390,6
803,11,179,471
