1,2,3,4,5,6,7,8,9,10,12,15,20,22,23,24,27,28,30,32,38,39,41,48,51,54,57,59,60,61,68,71,72,75,81,84,86,93,98,101,102,108,110,113,115,122,145,161,176,180,182,190,197,199,200,206,236,256,292,293,297,300,310,311,319,338,342,349,352,370,372,388,411,437,442,445,453,457,462,485,533,541,552,562,567,578,591,595,622,626,638,639,659,660,667,673,676,715,732,733,772,800,849,867,882,886,891,903,927,952,988
0,6,16,26,53,59,64,74,79,128,222,238,323,361,373,474,490,512,560,569,572,598,698,831,982
0,5,6,7,8,9,10,11,12,13,14,15,16,22,24,29,31,36,37,40,41,42,52,73,84,94,96,98,101,106,107,126,131,137,139,143,173,177,187,202,223,261,284,302,338,341,357,360,369,378,381,388,407,434,443,447,458,484,487,490,562,583,634,641,697,698,718,751,845,904,907,910,915,919,954,956,965
0,5,9,130,132,134,184,280,367,395,515,522,561,716,769,778,808,842,895
0,5,6,7,11,18,19,21,25,30,34,40,52,83,84,93,99,104,106,112,120,126,166,187,209,252,258,267,273,277,321,384,436,475,490,563,580,586,629,666,673,684,709,747,754,790,803,804,875,998
0,2,3,4,8,10,11,17,20,55,60,62,70,91,115,123,152,154,165,182,183,186,191,198,205,209,249,267,290,307,313,326,335,367,373,397,399,459,488,493,524,583,604,620,657,665,724,726,795,820,874,879,922,926,932,955
0,1,2,4,7,10,12,13,14,17,20,21,27,29,31,35,37,49,50,56,58,61,65,69,74,89,100,122,128,133,135,147,151,162,193,204,205,211,214,215,217,241,246,318,354,373,378,387,396,403,426,433,439,443,445,455,458,459,479,488,506,528,549,565,572,585,606,625,633,652,670,685,700,740,775,776,799,802,805,812,840,847,939,968
0,2,4,6,8,9,14,17,39,43,54,69,78,81,85,162,180,185,194,220,235,249,252,276,324,370,384,435,448,488,494,524,576,619,640,663,668,713,740,742,751,796,802,834,929,939,992
0,2,5,7,14,21,40,52,96,102,112,121,125,144,145,147,159,243,275,343,480,491,535,539,603,621,636,662,666,714,747,785,787,807,876,879,957
0,2,3,7,13,30,44,51,55,66,77,78,96,98,102,116,121,131,132,135,159,193,208,216,238,246,263,282,301,405,416,447,465,495,526,581,593,642,658,671,747,751,752,780
0,2,5,6,11,12,18,22,25,26,27,32,34,35,36,37,39,42,44,45,52,57,64,87,91,95,98,102,121,128,130,167,177,179,184,193,199,229,249,273,283,285,313,315,334,344,353,371,381,393,394,395,402,403,423,441,468,496,555,626,644,688,689,770,815,825,839,848,849,861,931,934
2,10,4,5,22,28,29,80,114,131,236,250,254,292,343,429,442,470,489,491,495,531,545,618,638,901,921,966,970
0,10,2,6,13,15,16,19,23,38,43,50,59,83,113,153,164,239,243,270,294,342,350,351,399,424,461,463,480,518,649,779,831,910,979
9,2,12,6,17,21,25,26,31,58,139,160,232,237,250,287,364,376,420,559,610,717,744,767,880,965,989
8,2,6,7,15,16,18,19,25,28,30,32,34,36,37,40,44,53,54,58,59,61,66,67,68,70,79,107,111,116,126,127,131,133,136,140,142,146,148,154,176,188,192,210,222,225,228,240,253,257,261,264,270,272,274,277,297,299,327,328,334,355,363,369,383,389,411,416,425,429,443,450,477,492,498,519,529,562,573,619,627,661,665,681,691,703,710,756,772,786,807,808,809,833,867,868,870,873,892,906,933,936,946,956,960,976,985
0,2,12,14,18,33,42,43,94,103,119,189,228,259,336,511,546,690,768,851,852,858,931,934
1,2,12,14,20,24,32,33,42,45,46,51,72,104,107,125,129,153,172,198,201,214,240,241,265,274,288,301,319,362,364,393,440,452,453,456,512,526,564,601,661,679,692,702,703,709,836,837,896,897,945,980
13,5,6,7,19,23,33,38,54,63,67,172,175,215,233,313,334,384,410,473,478,549,563,584,762
10,4,14,15,27,29,47,67,94,171,173,310,395,650,763,824,877,924,949
17,12,4,14,35,48,53,77,85,90,99,111,119,146,181,198,200,276,287,316,320,369,370,380,536,547,568,570,600,603,667,693,737,828,883
16,0,5,6,24,26,36,86,96,105,118,155,167,211,219,259,268,280,367,410,412,468,487,594,629,749,764,842,877,889,957,962
8,4,13,6,23,46,90,97,136,213,315,408,493,669,758,878,881,967,978
0,10,2,11,38,107,125,134,147,148,295,344,350,400,615,836,839,847,898,921
0,17,12,21,28,39,45,91,101,149,179,182,187,221,277,317,359,369,446,462,471,497,521,546,607,614,727,770,859,911,956,971
0,16,2,20,57,115,134,311,319,340,385,481,506,560,750,799
10,4,13,14,35,43,65,110,116,121,143,162,211,212,227,230,234,294,325,356,402,421,452,456,471,492,501,532,590,638,713,717,811,999
1,10,20,13,31,46,48,50,163,190,204,208,217,248,257,258,261,267,392,406,413,422,435,448,503,551,559,588,600,745,836,996
0,10,18,6,34,49,51,55,57,75,77,109,147,156,164,196,203,207,210,224,245,259,294,386,402,465,476,486,613,643,762,945
0,11,14,23,41,118,141,197,213,223,241,297,316,327,345,400,518,555,591,725,771
18,2,11,6,41,56,205,255,314,361,381,504,538,561,587,600,745,961
0,9,4,14,47,73,117,138,162,174,211,403,534,714,822,954
26,2,13,6,33,46,48,79,89,100,167,232,409,414,420,430,438,482,502,645,698,735,817,907
16,0,10,14,95,120,146,230,231,238,278,281,288,377,379,534,689,914,930
16,17,31,15,49,75,92,114,132,136,188,218,242,245,262,284,299,352,366,436,461,483,505,517,525,560,571,628,717,773,806,811,902,918
10,27,4,14,64,133,135,145,150,168,220,322,343,410,472,477,572,616,662,677,748,954
25,10,19,6,44,47,89,92,95,106,134,220,542,575,661,663,704,912
10,2,20,14,58,63,64,88,100,108,114,118,161,166,181,191,196,207,214,263,292,332,351,390,408,414,437,460,480,532,569,602,620,621,662,671,709,718,791,795,828,870,964,968,991
10,2,14,6,50,56,60,74,80,109,148,158,216,247,296,378,418,459,472,777
0,17,12,22,82,164,372,440,537,739,840
0,10,7,23,62,178,185,341,407,418,618,653,700
8,2,4,14,49,92,103,153,201,222,281,288,289,346,356,375,427,481,501,513,525,569,579,624,650,654,930,938
0,2,28,29,45,104,112,139,210,224,242,293,322,490,679,706,754,779,841,881,951
16,10,2,15,53,60,70,73,101,122,244,254,299,355,367,375,385,496,517,557,591,628,660,706,753
25,12,7,15,87,103,138,151,180,199,246,283,335,343,362,466,493,536,620,636,639,652,890,894,967,981,982
9,10,35,14,47,71,80,93,111,188,254,268,282,311,376,404,455,473,547,597,677,701,823
16,41,10,23,56,66,82,92,97,203,268,293,901
16,26,21,31,63,67,106,179,181,204,269,528,704,955
18,35,44,30,68,80,81,128,137,175,216,222,289,344,352,410,660,766,778,983
0,26,19,31,789
40,33,27,6,55,61,62,79,100,226,270,285,920
26,12,37,6,90,105,116,129,174,224,256,260,439,484,531,535,586,607,831,939
16,0,27,9,99,152,178,182,615,642,830,889,977,994
8,10,2,4,69,76,248,640
1,42,19,14,62,70,81,86,125,135,137,140,157,158,184,213,221,231,232,237,256,258,273,280,328,337,349,356,376,399,408,428,447,465,479,480,499,523,538,553,589,612,617,630,643,646,749,750,768,798,800,801,809,853,928,939,974,989
0,17,14,7,467,594,761,978,979
49,27,5,9,63,65,66,72,73,83,85,86,90,113,123,130,141,156,160,166,173,230,308,314,350,388,527,552,659,664,712,845,988,993
29,37,45,6,71,190,225,265,299,359,370,383,394,451,476,525,664,720,835,854,862,941
24,0,10,27,78,123,142,152,169,185,245,253,304,350,352,397,413,420,422,435,456,613,680,738,844,902,950,960
36,13,14,6,95,109,129,132,153,232,270,478,608,621,730,862,911
0,1,12,14,84,99,115,127,143,264,269,283,540,551,619,646,670,721,766,768,869,950
0,42,5,37,244,366,463,475,618,767,842
0,49,14,6,65,69,105,122,141,145,156,167,187,210,228,236,279,292,315,332,339,398,427,446,473,493,497,510,566,583,674,707,780,826,875,916,944
49,5,53,39,68,180,207,574,770
17,36,46,55,97,155,165,172,188,192,217,218,221,233,260,269,276,291,294,368,406,498,524,533,556,651,653,657,731,746,935
1,10,36,34,76,78,144,174,219,312,647,687,806,857
25,61,6,55,146,260,357,431,612,678
9,45,14,55,72,336,959,973
17,18,46,14,74,417,521,633,776,883
0,47,62,14,75,76,142,157,246,247,253,291,327,385,859,969
52,61,6,7,71,87,89,93,317,333,398,415,505
5,42,53,14,133,163,171,175,215,351,356,362,386,429,451,462,479,565,717,746,775,834
56,0,44,69,124,301,304,405,489,908
0,16,66,55,76,77,113,141,168,169,195,235,388,390,437,542,637,711,735,792,944,989
42,2,30,55,157,184,282,424,785,844
1,67,37,6,174,584
0,33,27,68,88,112,124,171,212,267,302,324,361,376,393,401,445,512,646,868
64,72,68,52,88,94,109,161,177,198,323,402,403,462,464,496,514,724,771,781,817,873,890,933,951
72,9,19,27,82,144,160,201,227,242,305,341,372,483,502,503,516,634,686,856,903,984,992
64,57,9,7,150,212,421,512,602,696,865
1,49,14,31,87,139,151,163,194,235,767,864,871,892,907
11,44,37,47,97,206,249,250,252,318,389,431,705
0,7,53,47,82,83,140,149,360,371,385,546,614,701,715,742,764,782,813,829,861,891,946
81,77,45,38,85,291,365,412,508,523,657,734,738,871,963
81,4,12,55,245,322,335,375,947
0,2,59,4,123,150,168,186,363,379,535,625,629
82,19,55,7,124,189,195,197,386,434,469,537,652,682,728,875,888,974
0,20,53,55,88,206,217,219,251,277,295,301,326,411,466,467,588,617,626,666,695,702,712,736,799,892
10,43,69,79,91,108,169,295,298,303,305,321,336,364,419,504,537,566,624,728,735,821,920,923
75,76,86,36,142,155,170,202,216,223,243,250,305,311,315,406,408,459,486,502,503,541,567,628,640,675,699,710,782,798,835,858,961,985
35,69,6,31,105,110,120,144,149,151,190,208,226,274,405,412,432,520,601,641,644,683,784,787,798,821,849,871,901,910,930
50,19,21,55,127,159,189,470,595,932
10,23,5,87,104,129,149,255,308,309,326,760,912,976
40,33,35,45,253,649
0,69,44,4,172,202,275,368,482,620,692,849,873
2,18,76,15,255,474
32,10,35,58,117,266,304,449,611,676,697,900,958
8,9,2,20,183,466,548,584,649
80,45,21,63,309,380,485,595
0,9,10,2,108,110,114,117,140,257,261,275,344,353,519,573,671,679,979
59,19,4,51,179,287,319,338,511,603,675,747,752,866,876,920,938
49,36,6,31,448,582
0,2,42,23,200,288,381,528,597,796,947,948
0,9,10,8,103,165,186,191,265,278,387,392,397,432,693,800,919,943
40,43,102,15,160,171,189,432,585,613,668,689
16,41,91,4,176,264,329,547,568,672,990
89,50,20,61,271,415,540,611,648,667,710,721,739,758
2,35,4,46,111,124,159,170,207,214,234,314,345,419,436,610,672,820,890
16,2,14,22,138,158,220,300,333,409,714,786,855,891,892,927,973,996
0,98,36,87,236,404,407
58,27,76,37,119,127,178,556,587,647,731,883
0,89,98,25,118,204,229,374,389,418,575,584,599,736
106,19,44,14,119,120,298,637,781,932
8,41,75,4,117,194,201,428,514,545,617,729,790,951
72,0,12,55,126,524,537,704
33,98,11,36,152,281,394,616,631,644,755,925
0,24,59,5,467,494
9,50,25,14,247,290,296,333,446
112,98,30,95,203,206,331,404,980
20,28,110,36,234,242,482,542,677,773,777,814
19,111,109,15,130,138,238,461,487,520,575,884
32,89,4,111,215,262,407,416,510,727,729,740,943
8,9,10,25,279,310,391,645,698,781,988
0,42,61,6,183,192,272,391,579,603,700,732,837,852,886,918
57,84,5,55,358,518
106,75,85,71,434,473
8,16,53,22,191,272,347,363,387,446,475,542,792,793
113,2,4,14,158,169,289,323,349,363,533,947
90,59,109,14,168,186,192,226,230,243,454,639,731
1,10,6,47,136,366,377,433,589
16,58,91,50,137,155,351,509,528,631,797
10,3,55,119,199,313,433,439,495,743
9,2,11,14,143,244,298,527,554,630,734,824,832
9,58,3,33,154,341,375,559,604,609,854,862
34,6,70,14,154,337,489,612,749,757
24,3,35,22,240,283,285,357,520
9,34,53,6,460,489
128,33,21,14,163,170,209,258,306,417,551,690,729,789,838,856,917
129,2,53,47,173
107,43,30,119,150,300,330,558,893
41,2,13,79,161,286,339,373,394,441,483,548,554
81,98,53,14,437,441,582,783,823
72,28,61,55,148,178,260,361,478,719,917
88,57,68,14,359,419,660
25,2,59,131,240,320,428,458,465,472,481,566,594,608,632,658,728,822,920,945
8,89,64,77,374,678,874
0,8,34,61,213,221,233,298,358,855
32,65,19,14,273,374,589,728,794,913
8,27,6,22,166,237,247,314,326,355,380,451,555,680,769,859
37,141,22,14,279,470,760
89,81,91,23,195,235,266,329,514
138,84,34,78,165,175,196,197,203,225,266,364,498,599,609,633,665,713,750
89,43,6,79,157,327,607,701
57,114,51,5,302,337,339,444,784
40,16,58,12,209,264,269,329,458,561,608,643,731,832,847,969
5,132,133,14,200,205,255,374,615,707,715,757,922
88,129,20,63,156,580,630
27,155,61,55,308,316,816,918
73,68,53,151,193,748
37,107,53,126,382,414,647
8,9,90,106,176,241,244,332,362,382,397,499,648,654,752,808,810,825
55,77,13,103,164,586,843,905,906,932
0,139,76,36,500
25,7,6,30,196,225,704,909,950
136,26,70,79,251,564,687
160,27,12,38,444,850,886
150,5,102,63,322
147,36,4,55,279,307,413,775,812,889,915
10,20,61,31,237,254,287,300,553,681,697
72,34,84,127,170,331,515,520,592,685,699,819
72,57,126,87,263,289,460,513,637,683,684,724,822,865,880
88,106,136,168,183,482,850
18,75,70,103,185,263,347,360,469,657,695,709,818,831,948
16,17,93,63,212,252,291,393,765,889
137,18,2,55,177,218,231,354,365,378,423,495,499,587,654,721,723,795,880
64,74,50,30,181,994
70,47,150,17,346,424,428,812,851
0,104,14,159,228,259,281,430,877
10,2,76,173,202,229,336,581,602,796
51,109,141,39,309,321,453,550
10,99,46,23,282,303,310,461,601,758,946
0,43,62,7,583,794
19,36,174,46,312,340,359,380,433,531,541,702,841,865,881
0,51,5,23,296,682,974
96,170,5,122,293,307,317,347,401,565,683,763,907,999
73,10,3,53,358,383,460,516,599,808
57,171,39,7,266,765
84,5,102,127,454,550
2,4,61,23,194,589,630,754
33,44,14,63,257,948
90,15,85,103,600,681,823,966
56,89,26,0,348,365,396,523,552,579,614
125,36,5,102,195,218,251,271,295,312,328,413,421,432,492,504,519,526,676,923
122,127,14,63,208,303,328,422,498,597,665,857,948
9,10,157,6,219,229,379,418,445,470,491,577,617,905,917,981
112,187,79,7,392,406,811,915
72,85,149,191,248,304,340,514,686,718,981
162,27,36,150,317,342,398,596,616,687,926
0,28,85,150,239,256,268,614,627,826,951
16,19,76,5,324,656,743,933
0,10,43,130,285,426,680,696,844,994
0,154,19,101,377,673
16,40,112,77,234,338,712,804,851
88,177,2,93,372,543,823
45,27,117,150,308,447,536,958,990
110,26,46,6,262,271,434,711,982
154,5,29,6,318,345,816,851,912
0,80,117,86,353,663,705,774
106,27,36,62
192,89,26,9,284,455
136,153,4,5,286,303,898
41,27,61,14,224,670,755
25,20,30,6,233,239,280,494,500,908
25,75,172,78,274,426,539,624
145,21,28,53,354,532,659,703
16,106,36,6,231,442,507,644,694
120,17,70,6,302,636,646,720
88,9,37,47,227,320,457,508,797,818,950
86,26,6,63,324,510,574,680
33,173,191,63,226,545,838,971
64,193,20,86,251,307,425,444,540,623,695,802,848
35,34,107,7,429,682,874
145,63,53,23,223,227,265,271,276,345,348,414,423,535,576,909,976
40,1,14,47,248,635
88,2,28,221,290,435,497,570,686
41,210,27,50,309,984
56,162,150,14,262,318,347,430,971
89,49,218,127,239,543,724,741,745
216,221,77,25,316,440,824,827,848,864,868,924,936
176,61,14,15,477,484,569
177,10,193,110,431
32,25,55,127,395,451
32,53,173,214,754
58,53,13,31,545,609,820,863
145,211,17,63,887
201,106,118,25,366,474,483,825
72,149,79,7,400,594,995
0,11,108,61,467,530,576,669,781,866,929
53,147,13,167,430,926
32,1,9,119,290,296,312,850
226,211,12,197,330,331,475,486,593,642,658,692,863,924,926,940
16,134,14,143,896
16,28,6,159,278,605,856
33,77,118,41,448,481,526,541,622,700,762,819,943
88,8,12,127,355,759,861,869
42,131,60,159,379,521,577,722,741,945,962,998
57,83,27,33,478
9,43,68,6,389,405,463,635,727,792,940
147,116,37,68,286,357,442,509,548,553,573,955
26,195,52,222,885
80,10,5,7,284,306,333,517,531,632,723,871
88,80,11,13,278,417,561,923
219,163,86,191,330
80,172,4,7,606,610,611,837
57,92,14,68,306,383,466,964,988
42,11,44,167,368
154,91,29,94,396,449,774
0,50,53,197,323,443,454,656,671,674,677,707,763,879,901,906,915
98,26,188,14
136,26,4,53,275,286,342,354,529,548,590,645,688,819
176,27,20,15
65,50,141,63,272,539,606
2,26,98,14,371,664,815,903,928
120,225,204,33,439,733
169,9,171,36,534
104,153,59,14,452,486
16,56,221,102,331,522
185,149,150,95,463,513,543,613,736
26,75,4,5
20,45,44,197,513,544,596,792,923
153,59,46,63,727
49,58,12,14,377,401,678,841,853
105,204,221,191,387,651
122,260,125,14,297,320,582,619,719
10,4,53,146,736,750,756,764,827,934,949
16,89,212,14,500,725,752,771,778,785,829,846,884
8,98,258,93,306,365,532,722
63,19,221,7,564,906
4,14,86,23,621,722
32,241,250,102,329,522
121,148,61,166,553
3,211,20,53,321,438,472
32,114,40,176,485,643
73,9,179,44,777,860
59,10,43,134,563,886
208,33,2,249,811,949,966
49,10,134,199,529,578,590
209,258,139,247,642,675,914
19,99,13,167,838
40,16,32,101,627,672
40,169,126,47,335,501,525,655,708,761
116,5,238,223,346,544,845
82,172,68,63,664,721,964
0,11,36,61,477,597,650
0,41,45,183,464,748
25,27,12,63,450,581,876,995
86,87,22,191,695
116,182,37,238,456,471
0,272,28,14,339,421,497,516,779,883,975,985
145,131,111,87,556,615
56,33,42,14,469,835
0,138,107,167,334,337,390,411,595,726,834,850,860
16,9,86,71,382,628,658,734,822,942,990
152,2,75,215,384
192,209,179,87,400,648,708,773,803,855
57,195,71,95,305,412,552,590,623,683,857,963
88,304,77,87
136,249,275,253,716
219,5,166,183,398,530
91,156,203,55,521,807
224,97,178,91,325,340,557,858,910
0,121,18,179,793
0,24,88,44,534,674
64,181,238,191,325,330,368,527,699,702,749,816,826,832
17,10,5,130,518,873,904,935,936
106,147,29,55,506,635
88,10,21,61,511
19,156,227,28,424,712
183,196,69,23,325,390,464,737,788,818,830
80,225,205,6,386,769
24,16,99,0,474,763
216,272,19,143,759,881,962
280,178,4,87,419,508,522,554,786,879
41,34,83,165,396,415,425,581,592,706,863,956
256,1,76,126,444,449,580
217,75,198,7,346,656,958
312,25,317,309
91,147,5,86,789
68,28,14,151,546,573
192,53,14,191,348,422,631,862
104,153,149,278,651,780
312,138,251,239
168,265,117,239,332,577
331,36,61,159,741,987,996
249,107,116,69,349,501,610,789,894
17,10,300,14
43,83,5,289,399,423,661,688,830
177,66,87,15,348
152,300,53,133,544,560,655,673
0,201,2,99,426,707,899
152,297,139,61,530
24,195,309,181,616,864
2,132,77,39,409,577,730,878,963
0,258,196,12,510,530,834
8,43,34,11,438,511,708,937
98,10,22,47,358
205,106,28,221
40,290,324,175,650,716,742
225,171,125,183,360,607,814,828
328,336,221,190,353,391,629,785,837
0,53,333,126,371,860,900
57,12,22,55,427,608,679,966
129,12,70,36,846,972
0,57,33,47,893
10,348,206,98,415,476,507,755
213,258,173,6,718
42,147,14,243,382,416,585,596,885
40,25,53,70,571,648,803
65,2,134,247,409,701,953
344,145,123,184,565
56,181,142,23,509,863
347,81,2,171,455,654,936
1,75,29,141,576,742,795,872
16,43,70,159,392
84,125,126,14,633,663,711
16,13,150,87,404,453
82,275,173,190,431,457,602,877
128,33,234,60
42,3,20,5
312,93,254,63,507,693,941
2,19,14,23,449
56,0,19,7,605
81,10,261,349,759
0,202,77,38,391,562,605
1,139,5,6
144,154,110,146,557,672
40,42,83,132
13,75,44,53,899
128,32,270,200
2,37,6,173
32,193,84,244,494,622,624,738,921
97,19,147,181,505,690,725,732,773,783,898,983
101,10,2,29,468,491,523,571,593,744,968
355,301,158,159,794
184,56,253,14
17,4,302,7,440,571,651,691,846
24,81,42,68,504
70,27,85,318,563,833
271,125,102,6,401
0,2,72,55,469
80,14,110,246,506,554,559,692,714,986
72,36,317,300,438
121,122,372,348,515,708,751
194,362,26,102,706,737,800
16,10,75,172
56,114,10,139,417,726,813,833
10,18,3,230,872
322,255,190,6,502,557
57,5,102,159,925
307,61,196,69,705,766,771
5,12,53,335,609,810
235,28,22,303
75,387,270,183,441,468,547,592,691,696,788,832
25,10,27,76
10,76,30,6,662,952
364,108,44,117
89,9,246,71,454
88,194,26,63,601,634,777,810
120,2,108,39,567,758,996
88,53,36,21,720
357,107,341,31,500,599
17,34,20,47,538,558,745
0,300,86,14,578,634,694,791,798,977
304,89,82,20,699
57,26,166,191,420,638,645,772
36,221,158,31,813
353,322,69,105,930
120,9,355,14
136,250,67,394
193,37,110,39,605,719,874
321,106,142,87,436,450
57,13,413,31,505,507,922
297,25,78,191,888
192,57,26,328
221,10,173,335
73,12,316,175,425,427,457,492,852,882,959,983,986
424,322,219,14,740,967
338,212,6,199,452
424,40,61,350,464
112,143,53,175,669,761
70,11,220,14
176,225,237,31,681,737
80,65,365,229,598
89,103,102,191,641,875,924
128,130,181,6,739
124,2,204,85,484
57,26,7,223
33,106,419,4,821,827
72,140,36,0,516,604
280,343,390,31,450,587
50,6,262,130
384,16,227,38,580,653
401,10,139,140,570
0,11,214,247,733,786
256,2,14,6,649,739
152,323,219,164,536
0,193,75,6,499,556,905,997
61,116,125,23,485
9,2,203,53
242,26,100,7,476
369,323,255,95,527,623
294,419,438,14,730
56,70,147,230,593,887
264,16,426,25,691
0,16,178,364,551,689,943
256,186,405,127,550,783,957
208,44,360,6
296,25,16,57,604,653,857,937
424,0,365,216
153,2,6,143,746
88,5,37,6,820
184,169,36,135
33,179,12,119,471,503,805,898
0,76,70,23,579
266,60,12,246,566,814,894
317,427,76,293,824
9,27,53,143,533,895,991,997
96,43,253,86,509,992
86,115,236,54
401,10,20,381,538,659,738,935
299,171,388,85
193,90,11,148,626
296,25,461,23,690
280,34,37,143,508,558,627,682
124,17,44,61,479,753,922
1,234,94,319
4,125,60,239
448,353,56,27,496
34,228,14,292,539,870,885
17,58,245,141,685,925,993
70,473,53,6,488,843
8,12,53,36,611
24,40,242,143,598
170,93,118,31,968
33,234,139,77,772
434,50,2,228,900,916,973
0,281,446,97,487,515
88,264,27,239
2,20,485,119
7,5,6,479,711
11,133,71,135
1,2,4,41
8,193,11,381
424,25,14,191,625,794,816
61,21,43,5,555,880
115,379,211,7,685,839,938
9,130,11,173,766,793,952
10,476,42,76,876,979
297,23,61,223
192,63,150,14,544,675,744,819,848
53,445,173,159,549,735,804,904
161,409,274,211,585,782
40,25,333,289
88,396,77,31
461,26,88,77,757
385,29,87,191,586,776,899,908,933
380,33,420,69,596
24,314,389,6,540,827,867
368,353,420,214
472,321,82,216,519,953
129,466,247,359,517
120,217,61,342
315,99,15,343
16,1,75,78
40,169,266,268
112,195,76,149,568
168,3,485,391
184,297,77,437,588
33,42,249,509
313,123,12,28
98,508,14,191,835
168,89,134,119,977
67,308,244,23
321,3,265,278,549,998
82,381,53,190,529
113,7,5,63,564,574,782
40,33,56,289,787
16,9,242,191,543,567,805,828,845,914,938
312,449,131,55,632
129,101,46,6,743,918,982
258,523,285,14,894
339,307,236,342
249,50,11,181,606
25,275,36,213
0,465,126,63,588
32,311,30,263,570
8,50,84,221,903
19,43,203,444,591,641
113,85,38,87,947
410,53,468,29
8,212,260,477,550,652,764,774
105,506,59,219,997
0,242,88,181,674,861,958
72,35,125,118,716,729,776,854
202,226,266,526,809
337,498,290,268,688
232,218,11,112,558,723,814,821
81,15,327,23,578,625,866
104,401,19,44,759,805
96,258,139,247,572,705,780
17,522,499,6
186,178,539,454
136,26,59,453,655
0,304,190,55
167,279,53,247,779
321,139,131,389,847,885
10,147,28,493
109,298,445,63,769,925
42,396,309,374,568,623,722
472,545,138,410,839
26,13,132,389,817,825
24,1,337,33,983
153,250,3,29,612,647,829
0,2,372,14,976
17,386,283,4
16,163,276,524,575,694,703,748,775,913
358,6,70,183,919
463,61,87,143,970
0,88,526,407,582,631,667,809,957
104,514,19,557,753
40,1,36,228,678
441,19,534,223
384,33,356,381,656,965
1,34,548,6
98,247,14,327,574
217,524,573,62
35,564,110,119
361,236,221,7,669,715,755,990
193,331,244,341,592,668,694,697,860
0,546,411,285,640
40,122,462,190
440,323,4,155
9,322,177,294,897
272,100,140,567
2,5,180,61,770
96,17,74,110,890
355,500,6,103
504,50,4,160
109,29,438,173
26,516,533,86,959,972
128,146,187,53
304,25,258,285
536,0,42,28
168,401,322,577,743
9,451,381,239,846
235,20,54,143
0,97,90,300
505,355,196,268,815
192,44,101,292,598,940
1,597,481,431,687
184,409,110,150,807
26,19,29,189,635,801
16,89,179,406
177,36,365,78
19,8,122,99,693
456,5,132,437
418,241,370,372,618
531,252,260,6,666,734,801
151,50,347,23,929
153,58,350,143
232,132,150,399,686,981
106,13,252,333,622,895
480,105,252,95
65,561,53,133,637
57,266,27,103,719
81,197,190,23,952,987
154,51,298,22,636,746,944
34,196,114,340
112,193,53,86,632,723,967
11,60,605,39,684
272,59,14,7,774
5,43,36,93,762
8,58,36,277,817,867,941
0,242,379,610,713
304,449,219,557,684
40,379,212,87,833
546,492,6,84
0,10,470,86,897
472,288,197,14,741,793
88,33,42,301
4,84,20,348,864
187,131,155,53
328,129,114,567,725,908,992
249,527,617,143
363,67,150,6,971
2,411,77,406
600,314,222,246,696
8,43,615,215,639,655,818
72,169,612,111
0,25,11,413
0,43,636,127,853
88,578,52,7,765
536,89,2,432
9,51,286,239,744,802,840,843,893,972
153,27,53,281,931
89,10,214,114
121,258,413,31,790,801
59,75,53,215,768
64,561,109,158
159,105,356,303,826,884,986
96,443,92,12
40,346,18,292,710
384,329,271,63,676,810
539,43,85,6,668
440,456,63,39
360,40,173,159
337,289,636,551,797
256,571,324,198,891
82,171,5,63,844,978
9,239,301,143
0,468,213,55
0,42,142,47
16,35,14,335
8,34,403,36
35,363,206,7
56,291,261,55,840
192,150,5,14,670,730,904
8,606,4,86
0,105,19,567
577,652,7,103
576,428,236,21
665,210,59,6
256,9,98,36,732,919
104,106,288,374,977,994
200,0,4,337,960
256,541,61,311,872
88,498,99,286,909,935
0,191,651,95
256,34,44,118,756
144,569,65,270,858,887
16,41,98,350
57,147,217,199
430,189,14,167
472,220,85,182,911
304,169,89,183
169,618,4,623,856
168,478,494,6,806,842
609,195,77,223,733,905
64,163,196,598,720,815,841
544,10,258,335,778
32,10,453,103,753,960
136,380,15,471
384,401,452,14,865
16,93,389,239
19,603,368,102
577,411,564,214,790,917
171,219,86,295,760,902
401,635,78,199
577,2,167,95
1,2,121,31
88,312,412,168,761
122,242,6,39
81,44,357,151
312,16,181,86
16,564,213,14
113,162,35,46,726
80,548,206,398
392,41,322,42,760
256,154,338,61
391,289,303,343,959
16,171,36,4
88,105,650,14
72,488,363,204,787
201,316,86,55,791
25,150,622,7,878
8,107,389,30,756,836,991,999
0,81,154,576
306,3,346,542,893,899
25,13,70,33
354,2,36,195,765,788,869,927
272,418,613,141,955
56,687,408,215,784,937,998
59,291,173,105,895,973
277,275,244,557,882,999
249,173,617,545,975
169,226,76,5
274,380,28,631,767,788,853
704,394,300,5
120,269,246,23
146,85,87,143,993
112,120,136,542
665,58,341,450
153,127,109,63
0,122,380,671
0,442,686,262
82,131,301,606
72,499,31,87
273,266,110,86,866
392,19,317,430
57,82,379,468
433,105,443,38
120,425,6,7
226,627,244,332
81,361,346,7,888
528,130,592,198,975
381,498,13,642
26,226,29,410
458,615,70,63
8,9,99,4
34,564,293,157,900,989
312,20,53,133,942,963
24,273,53,150,949
9,2,7,391,993
9,274,99,159,997
568,473,42,689
41,187,4,231,757
576,353,114,210
273,714,677,14
754,154,133,503,843
105,179,21,407
320,547,371,243,796,888
706,91,148,695,829
289,699,428,54
17,242,27,620
256,183,18,319
81,539,20,273,838
640,185,172,718
495,59,398,47
13,60,725,79,791
59,53,646,15
3,556,147,318,882,913
10,583,62,23
274,28,398,76
0,483,413,14,797,806,897,940
33,380,118,303,799,870
619,539,206,255
70,564,166,6,784
504,67,542,6,884
282,118,37,406
688,274,3,47
553,12,297,41,783,954
329,9,548,61,929
121,76,236,111
88,81,524,500,812
380,779,140,454
720,89,152,775,878
8,73,274,348,896
321,442,107,14
8,89,525,711
725,401,317,718,934,995
48,136,333,326
112,4,645,694
712,411,36,767,804
72,268,125,246
627,125,310,495,869
146,180,492,382,803,978
361,5,36,173,813
177,759,101,7
216,129,772,655,830
88,89,411,53
24,86,773,6,916
392,0,53,102,868
600,53,606,645
642,219,6,7,887
356,794,4,303
201,499,4,791
547,461,526,6
64,33,772,685
8,308,14,599
184,3,14,159,991
567,53,14,543
159,651,406,399
25,194,284,33
175,6,166,782,980
81,394,795,414,859
545,347,118,463,961
10,596,261,687
312,156,492,205,854
76,31,621,559,974,986,995
216,171,636,317
168,498,258,242,921
232,106,459,5
89,436,87,545
169,301,30,143
140,202,44,189,916
464,18,227,131,909
234,10,559,159
312,648,61,197,928
273,506,227,436
19,347,36,526
760,561,274,81
317,51,797,335
1,50,171,12
312,153,401,131
624,394,14,386
70,300,342,7,931
56,88,299,519
16,714,26,22,987
16,122,348,252
136,218,764,287
558,10,494,22
664,642,38,6
41,181,270,687
20,3,60,685
160,642,757,479
73,657,57,199
2,290,526,55,852
384,593,274,351
153,554,22,6,855
10,498,227,219
0,89,10,93
170,164,300,238
201,15,205,175,914
424,122,845,15,941
53,725,270,639
56,816,132,542
145,107,847,303,928
136,241,684,77,942
304,64,192,456
88,309,678,15,872
147,68,813,23
577,282,300,349,911
81,10,243,541
56,58,328,132,984
232,322,359,239,902
227,340,629,79,946
169,691,181,78
736,546,99,236
0,506,621,14,985
800,75,14,227,969,975
59,243,718,793
773,36,477,14
89,249,82,79
674,361,858,395
313,76,93,14
144,418,220,5
432,61,4,85
8,496,99,294
176,18,20,365
784,713,21,341
256,321,5,8
169,13,173,493
320,41,21,181,896,942,944,969
424,0,722,769
297,67,19,109
648,776,274,119
248,554,355,477
0,122,283,164
233,802,451,678
85,421,742,759
172,51,20,166,965,970
584,106,43,76
0,81,107,656
107,79,86,14
352,642,716,138
529,43,333,463
465,610,3,721
16,881,240,785
16,626,772,581,962
209,380,461,22
376,504,338,716
748,484,349,95,913
256,89,11,45,912
33,57,695,863
0,261,77,535
665,2,499,313
160,193,445,686
160,256,276,14
183,2,79,31
504,211,71,631,927,984
824,162,675,221
89,2,12,309,980
682,58,860,23
205,35,91,901
900,146,564,769
32,851,526,286,937
256,194,2,166
799,484,61,823,961
136,193,141,694
528,33,122,156
2,565,102,671,964
143,49,99,87,953
379,11,819,22
473,154,420,5
250,268,87,191
432,18,227,239
114,556,397,478
237,196,5,239
0,107,908,718
826,261,53,855
236,780,607,7
32,89,40,415
10,834,643,15
160,90,5,111
504,76,198,14,970
273,10,788,15
313,675,468,63
360,313,227,14
456,914,720,343
40,99,494,526,953
50,53,6,7
772,597,246,239
368,56,852,621
856,881,301,749
120,242,453,102
72,881,61,615
16,27,244,143
864,81,179,14
537,83,101,126
192,171,188,101,972
273,18,284,750
216,57,162,59
112,41,76,197
0,403,614,495
920,938,508,357,987
779,34,2,30
719,5,46,247
2,322,14,23
8,20,454,567
203,324,541,95
424,66,708,588
673,689,14,57
88,916,29,814
320,897,20,244
304,749,82,341
291,36,253,919
889,2,571,13
11,284,189,350
425,43,21,617
482,36,381,6
881,153,868,68
889,11,933,566
633,218,225,23
642,948,588,351
721,66,107,484
817,85,53,182
297,723,868,743
562,91,221,14
520,51,411,672
657,794,21,54
496,98,12,54
16,812,117,910
609,43,193,195
528,1,43,204
560,380,424,47
224,908,77,862
88,297,867,14
648,817,389,424
953,836,614,332
0,121,253,55
72,13,748,53
104,576,203,301
808,465,714,36
466,7,77,631
728,55,478,751
672,51,174,199
817,235,788,294
26,107,332,407
752,465,540,445
720,522,244,4
714,722,25,183
