1,2,3,4,5,6,7,8,9,10,11,12,13,17,19,22,27,32,33,34,37,42,56,59,65,68,71,75,84,85,91,97,101,112,115,117,126,132,153,154,168,179,194,198,202,206,222,235,267,271,278,282,297,324,333,359,360,378,379,400,404,410,417,427,430,445,457,460,483,487,503,518,520,522,539,542,555,586,589,596,603,617,619,626,655,656,663,780,787,806,827,829,832,843,848,854,860,902,904,920,941,956,978
0,5,6,7,10,11,13,15,19,20,21,24,25,29,33,40,46,54,73,80,83,96,110,111,117,118,121,154,155,157,177,184,185,196,208,214,219,221,239,246,253,257,264,274,291,295,302,304,313,322,334,335,363,367,376,395,400,406,409,442,509,517,522,530,539,540,549,556,560,567,592,601,604,609,611,647,651,661,676,679,693,695,727,736,756,773,784,813,818,918,941,989
0,5,6,8,9,12,30,32,40,50,80,114,116,158,168,201,235,258,278,291,310,350,365,372,415,513,533,557,596,601,618,674,675,684,695,746,863,880,988
0,5,9,10,11,12,13,15,16,17,19,32,41,42,45,48,50,69,75,90,98,113,117,130,133,150,153,178,183,186,194,204,232,240,243,253,263,281,282,285,311,350,355,356,373,389,444,452,467,486,490,555,592,597,619,625,658,709,713,735,739,765,771,772,824,894,923,931,932
0,26,37,96,104,113,173,269,322,361,393,633,708,793,954
0,1,2,3,6,7,13,14,17,20,22,23,25,28,33,35,36,38,44,51,56,57,62,64,80,83,91,101,105,110,111,114,123,138,139,140,143,147,159,171,197,217,265,270,279,280,315,343,350,378,390,396,397,415,444,480,513,543,547,561,568,569,597,602,622,634,720,727,783,785,802,803,805,806,825,899,923,982
0,1,2,5,7,8,10,11,14,16,17,18,19,20,21,23,24,25,30,34,36,38,41,43,47,53,58,61,67,72,94,100,115,118,151,152,160,165,172,178,179,188,191,215,218,237,250,251,257,265,268,300,307,309,324,325,336,341,342,343,376,394,400,416,421,432,436,438,454,455,466,505,515,524,531,562,574,580,593,628,655,666,670,690,696,721,743,774,775,794,833,904,920,951,961,962,979,983
0,1,5,6,8,9,20,21,29,31,41,47,66,77,82,88,97,116,122,182,238,355,465,475,528,572,586,662,723,741,774,798,802
0,2,6,7,14,15,18,21,24,25,39,51,52,55,68,76,104,120,126,139,149,152,160,163,169,238,248,276,286,318,395,409,458,464,498,518,532,567,577,645,651,660,691,729,743,831,890,907,915
0,2,3,7,12,16,18,61,86,108,114,120,156,158,202,211,249,305,326,414,422,428,492,499,661,730
0,1,3,6,14,16,22,26,44,48,52,57,60,66,86,88,106,108,123,124,142,172,196,202,241,299,332,335,375,385,474,482,543,654,704,729,779,795,802,831,882,884,898,930
0,1,3,6,23,26,27,48,124,166,198,227,351,464,470,515,734,832,978,995
0,9,2,3,18,34,42,46,70,83,88,103,121,137,138,157,190,212,226,245,257,360,364,451,454,455,468,499,517,571,574,582,659,698,712,721,728,742,804,839,928,931,983
0,1,3,5,15,22,29,38,44,46,49,52,55,69,74,90,92,95,100,109,112,114,117,118,129,140,145,156,174,194,206,216,220,228,243,247,267,280,284,311,330,337,357,371,381,396,399,404,419,440,498,502,538,562,564,571,574,582,640,643,651,654,671,678,686,688,692,694,724,738,740,758,792,805,848,852,869,916,929,939,941,951,959,985,993,994
8,10,5,6,31,34,40,43,59,165,176,206,221,229,236,277,328,339,370,382,388,459,469,503,601,651,668,706,719,732,793,880,996
8,1,3,13,23,26,78,89,97,100,103,151,213,236,284,294,304,325,329,340,346,373,386,416,417,438,509,607,633,649,665,746,837,898,984
9,10,3,6,24,35,37,40,42,60,68,72,87,93,107,143,145,150,180,188,208,216,219,229,247,252,259,277,286,351,379,446,466,471,506,521,530,549,626,666,672,681,748,766,859,920,964,977
0,3,5,6,28,36,43,69,103,120,123,143,144,188,189,193,231,241,274,275,281,303,416,424,433,436,452,570,604,608,767,781,896,919,952,976
8,9,12,6,28,39,77,86,93,104,122,130,137,170,232,268,291,309,316,370,401,531,545,564,580,597,615,668,699,700,777
0,1,3,6,28,30,35,43,44,76,98,99,106,127,130,131,160,253,293,303,307,334,373,405,448,461,484,553,561,632,707,785,788,818,829,846,917,974,984
1,5,6,7,31,37,48,54,65,70,76,94,109,112,116,139,152,175,186,192,211,217,230,244,248,312,384,404,492,510,534,655,665,680,698,709,730,733,827,840,851,889,896,927,992
8,1,6,7,55,142,300,478,544,593,669,723,821
0,10,13,5,27,29,33,35,38,53,63,78,89,119,145,174,194,197,200,254,260,314,316,391,415,423,425,445,598,616,667,757,792,797,834,841,876,960,968
11,5,6,15,51,53,71,74,75,83,99,111,133,140,146,166,167,169,195,196,203,215,243,252,258,276,293,349,351,379,405,494,607,711,763,830,979,980
8,1,6,16,58,65,67,133,141,153,255,285,290,304,354,360,447,471,632,673,728,767,813,832
8,1,5,6,39,50,102,169,199,207,228,265,395,426,501,614,732,787,946
10,11,4,15,27,45,46,49,57,134,136,152,156,162,209,228,262,279,325,336,344,374,489,507,516,629,679,683,693,718,784,820,832,881,987
0,26,11,22,32,74,84,89,95,106,209,227,277,352,426,480,510,517,560,659,713,754,828,865,907
17,18,19,5,31,36,45,47,54,73,77,79,128,340,354,367,377,382,391,411,450,493,618,699,766
1,13,22,7,30,45,55,70,79,98,99,102,131,132,134,144,222,249,361,372,403,513,531,544,545,625,644,660,723,790,796,830,866,944,948
2,19,29,6,49,51,78,87,92,105,106,127,146,180,332,375,541,628,642,731,758,838,841,867,942,955
28,20,14,7,138,176,204,224,279,336,398,494
0,27,2,3,121,128,139,164,193,196,213,255,256,315,363,379,394,433,492,801,817,871,930,975,985
0,1,5,22,89,199,219,426,599
0,12,14,6,230,233,599
16,19,5,22,74,101,129,251,254,463,568,581,740,761,819,843,845
17,28,5,6,41,128,486,535,578,658,812,909,947,963
16,0,20,4,39,59,69,121,159,164,246,255,269,332,389,429,432,487,524,549,559,657,660,706,726,815,889,897
13,5,22,6,52,54,62,67,73,136,149,175,348,442,443,444,475,518,562,652,687,796,836,908,912,917,961
8,25,18,37,56,60,67,97,132,200,252,287,299,312,401,407,417,436,493,500,523,578,617,763,871,914,922,960,968,992
16,1,2,14,93,113,163,191,211,385,459,534,657,704,795,918,929,994
3,36,6,7,50,57,72,155,283,310,337,431,434,461,481,662,700,888,912,972
16,0,3,12,76,112,136,546
17,19,6,14,63,229,235,299,377,612,724,764
5,10,19,13,61,84,100,120,133,138,148,223,244,256,271,278,369,388,395,418,457,473,519,609,758,830,888,908,940,950,973
26,3,28,29,47,207,300,323,420,434,497,570,591,641,978
1,26,12,13,136,144,173,221,233,283,289,298,318,330,361,389,707
28,45,6,7
3,10,11,20,49,61,63,68,82,126,167,203,205,208,228,241,270,308,320,384,393,441,442,547,548,553,569,577,606,631,835,853,900,902
48,26,13,30,59,237,290,449,537,606,726
41,2,3,25,56,58,62,70,134,150,171,174,179,189,226,259,422,436,439,561,762,769,845,958
8,5,30,23,60,125,128,266,292,326,424,471,555,668,770,865,885,910
8,10,13,38,53,58,72,79,224,231,382,445,476,489,558,589,725,783,820,877,992,995
52,23,22,6,306,497,712,822
1,28,20,38,90,151,195,431,456,462,611,639
8,29,13,21,84,113,122,359,443,465,474,504,512,521,551,677,695,776,856,961
0,50,5,39,64,85,92,93,148,252,273,287,288,307,409,500,725,784,919
41,10,26,5,91,94,99,129,155,182,311,377,786
24,50,52,6,63,75,82,103,141,282,356,458,748,790,836,915,928,990
0,49,37,14,66,79,82,95,107,119,172,192,213,245,261,298,346,433,439,511,714,722,798,799,803,949
16,10,51,39,64,65,71,81,107,123,178,183,227,263,337,449,652,755,806,815,819,904
48,9,44,6,62,66,73,78,87,101,220,440,497,507,557,688,705,710,716,748,890
50,5,61,38,64,71,81,91,107,109,160,216,222,324,343,425,487,510,559,603,671,731,889,899
48,58,43,22,85,131,137,145,154,185,187,193,218,310,429,565,576,605,664,690,705,736,780,844
56,60,5,62,81,170,195,198,260,296,421,499,514,521,525,738,901,934,958
0,24,60,20,87,102,140,142,148,210,215,306,403,433,452,462,558,751,842
10,59,61,7,485,526,750,816
24,6,38,39,173,201,205,315,322,479,548,703,921,946,995
16,8,48,0,88,232,272,506,987
37,17,3,13,98,132,193,236,298,431,622,800,990
29,50,20,12,108,115,124,260,262,338,399,540,542,653,854
0,60,62,23,127,149,165,176,177,220,258,321,333,342,435,580,621,667,672,703,758
16,41,52,6,235,264,345,511,742,771,842,862
1,28,61,38,77,80,81,95,301,312,556,745
27,35,13,23,180,239,325,505
0,58,3,23,111,137,154,163,183,185,192,213,220,223,227,229,330,341,371,420,451,458,566,635,682,735,757,940
8,42,19,20,94,177,184,187,215,221,293,367,383,412,447,567,614,620,648,749,866,992
73,18,28,7,102,110,141,223,225,366,649,739,793,846,869,969
22,61,30,15,105,129,263,320,321,344,372,554,607,671,710,903,907,922,975,977,982
28,59,52,29,86,124,148,162,242,285,546,660,801
73,1,2,5,180,244,256,294,322,356,378,391,400,427,556,582,624,639,734,759,774,797,800,811,897,923,938
64,73,60,62,85,90,104,146,161,167,175,317,534,646,739,788,959
48,58,59,7,92,142,168,357,382,488,610,701,880
1,12,5,23,209,243,319,358,760,775,886
0,27,44,55,105,135,175,178,295,387,555,813,892
56,0,81,63,189,230,412,470,723
9,18,10,79,96,115,119,407,595,981
16,65,61,30,717,799
10,68,12,7,164,393,427,462,488,540,685,690,743,792,986
33,27,22,15,119,150,656,894
81,3,13,54,147,157,168
0,57,5,62,408,888,957
56,82,13,30,305,441,671
56,16,18,40,96,165,264,358,991
57,20,6,76,109,125,176,200,256,275,295,340,346,355,356,387,422,460,613,624,631,646,724,752,791,808
73,27,13,59,125,135,153,177,273,276,283,290,366,483,925,949
1,4,93,86,146,179,204,529,944,993
0,15,7,39,144,414,699,741,875,882
3,19,69,29,135,161,288,302,509,565,629,737,738,859,928
57,19,29,23,181,261,315,429,500
44,13,6,15,214,271,648,805
0,5,35,61,108,125,269,275,333,453,477,541,623,654,746,798,883,970
65,77,29,25,200,249,255,268,474,477,490,515,605,782,883,891
17,58,12,15,127,254,615
8,81,18,4,170,673,884,975,987
78,84,5,30,161,190,490,955,983
19,10,27,30,143,159,428
16,59,60,62,110,131,149,159,290,385,386,462,535,545,550,900
9,10,101,70,303,532
62,20,13,94,116,187,192,209,212,224,240,328,348,350,366,397,470,471,479,519,520,548,576,665,718,743,744,849,877,926,959
1,5,107,77,201,210,267,308,371,392,420,421,504,529,533,578,657,852
1,75,5,23,118,461,715,868,921
0,42,20,13,122,171,205,482,752,814
40,3,4,55,328,375,399,407,442,590,770
9,13,2,5,727
0,86,70,6,310,447
2,20,109,7,237,769,960
0,1,3,13,186,240,345,347,363,364,429,512,581,692,728,887,916,933,936,952,968,997
1,13,6,111,135,202,272,430,470,662
89,59,86,22,134,201,301,549,697,704,705,747,773,791,818
8,9,44,17,141,181,765,945
32,1,12,37,248,297,319,397,410,414,446,458,559,642,676,884,932
112,18,55,7,130
17,10,60,5,214,253,266,503,675
10,11,70,79,126,225
51,101,94,95,406,434,913,945
48,8,124,0,398,495,686,753,901,959
19,103,30,71,181,199,259,308,321,348,402,417,420,484,616,643,817,954,994
32,51,28,36,338
57,35,13,78,181,231,512,627,677,794,864
19,18,3,122,158,182,510,585
19,107,29,63,338,498,526,593,899
0,69,29,39,157,158,166,226,271,305,331,345,430,565,586,614,623,867
24,3,44,23,156,161,162,204,211,218,506,604,892,989
26,50,29,119,344,358,787,857
98,84,118,95,249,261,292,381,399,721,754,837,902
46,42,26,38,186,199,203,269,335,634,744,747,847,853
18,75,12,63,147,163,171,184,262,270,370,502,554,582,773,806,851,939
12,5,44,31,495,618,870
8,32,20,5,167,231,335,476,521,662,751
65,13,5,23,164,628
24,58,120,77,197,238,306,396,541,612,909,950,976
65,10,82,21,333,377,550,972
16,17,106,5,147,155,190,259,418,535,612,766,799,840
46,17,29,97,151,169,174,207,266,298,448,579,604,641,663,781
16,13,22,63,197,439,469,553,966,980
96,81,30,23,238,339,418,444,636
137,90,5,143,207,212,872
56,65,44,79,467,994
8,107,38,71
16,89,50,3,172,208,968
144,6,54,15,251,341,355,374,598,645,702,780,864
8,26,20,6,166,170,214,366,527,725,772,823,840,860
24,0,3,95,247,262,305,485,486,541,691,737,772,893,953
0,1,75,63,182,190,233,254,415
143,57,1,41,162,239,292,294,569,931,989
9,13,26,133,216,304,349,362,411,546,550,635,638,683,705,789,816,856,926
132,90,12,1,278,314,435,482
9,2,132,130,173,236,286,419,650,682
107,106,37,5,189,246,515,863
8,19,62,6,187,195,217,301,543,644,654,715,972
81,105,98,133,590
26,155,133,79,188,191,225,226,326,361,796,879,910,917
8,137,40,75,184,191,353,419,423,477,503,560,564,783,816,828,938
88,32,140,37,421,516,575,595,633,635,647,659,691,709
71,93,14,6,275,357,862
152,11,132,23,388,552
48,81,139,23,219,247,368,523,588,608,679,938
0,90,2,82,222,224,314,640,776,875
8,25,144,23,198,237,330,449,552,573,991
104,18,64,152,456,817
112,137,50,5
150,10,59,6,414,649
46,67,4,158,223,346,465,539,635
144,50,13,22,774
81,20,38,84,911
14,31,94,71,359,617,710,901
1,76,95,71,185,217,263,264,277,365,501,598,759
3,84,60,6,183,206,374,407,469,681,688,740,857,868
96,0,50,6,437
80,16,74,30,234,274,443,472,652,878
120,129,99,127,284,523,883
57,130,7,154,225,234,251,260,401,432,481,501,585,639,690,707,714,752,777,837,838,873,965,981
75,178,3,60,877
137,163,76,1,281,483,488
177,75,1,63,234,245,331,364,575,823,826,839
136,3,20,117,288,383
160,76,109,63,280,284,306,358,380,592,621,697,902,957
16,17,162,6,389,434,839
17,50,85,159,349,939
105,154,12,143,281,302,620,761,809
40,162,163,6,371,453,528,722
75,59,20,109,212,287,292,301,367,522,634,698,850,852,914,918
32,17,69,63,250,332,365,527
0,3,13,22,210,349,354,378,383,402,454,464,472,502,533,543,544,558,680,768,809,826,966
160,64,54,23,218,327,871
32,1,10,23,234,300,311,451,534,708,775,900
145,5,22,141,210,272,327,342,411,535,609
0,169,64,11,684,796
136,33,25,127,286,323,328,334,347,385,416,803,807,816,956
94,22,102,39,246,282,293,376,391,426,435,495,564,630,642,788,861,878,934,953
2,67,110,119,476,594,615
0,9,10,118,203,245,283,329,353,508,670,818
136,202,48,23,359,579,713
96,3,133,31,205,242,250,289,295,320,637,820
112,48,67,204,734,898
0,178,13,14,266,274,440,484,545,619,647,869,973
144,25,147,45,233,289,348,419,502,507,508,551,554,597,605,667,762,765,953
16,1,48,150,296,824
26,83,27,109,625,643,693,916,979
65,194,197,110,472,490,577
40,9,20,133,318,622,674,689,925,990
192,147,12,109,242,317,649,685
32,59,75,15,240,408,476,611,689,713,750
152,1,123,100,261,393,401,682,755,779
65,76,6,23,603,703,730,824,921,958
16,156,13,62,242,318,339,394,613,685,712,988
160,177,20,5,272,424,821
195,133,6,63,230,279,353,409,450,665,674,709,901
16,1,167,33,308,362,403,488,498,653,716
13,75,61,71,344,496,908
1,76,46,14,258,314,441,525,567,584,692,799
0,29,62,168,241,244,495,536,736,741,754,755,912
75,44,77,173,456,781,896
168,52,109,31,432,536,636,678,880
162,124,77,182,232,288,299,317,453,542,581,685,745,846,864
162,132,50,12,270,329,644
11,75,27,60,450,719,728,789
48,25,26,13,372,885
16,43,75,14,334,511,553,696,790,876
218,34,20,85,600,610,927
17,129,139,52,239,326,408,440,527,590,646,762,856,879
225,18,3,68,316,460,664,887
154,34,46,207,285,745
185,196,180,182,257,312,368,418,632,676,683
0,72,2,43,324,331,341,491,529,583,789,828,933
14,69,158,15,455,611,850
49,169,116,6,302,340,387,392,745
8,146,141,7,287,720
1,74,155,231,468,566,906
213,117,3,109,380,684
48,17,10,222,276,296,438,480,538,561,594
216,204,212,79,381,680
83,3,13,23,493,658,760,822,875,951
80,44,20,222,369,463
185,202,59,12,627
200,1,37,159,250,466,997
16,153,13,167,248,343,353,390,554,557,626,704,722,886,963
8,121,20,247,369,827
9,29,102,135,265,390,427,629,934
193,204,246,6,354,718
151,35,182,6,291,408,479,942
16,56,23,39,294,307,313,714,716,767,919
3,1,19,123,296,524,539,666
154,35,22,103,357
24,32,37,102,748,998
32,80,44,94,368,638,645,933,999
1,234,12,6,316,858
2,23,221,71,481,505,573
16,50,127,143,297,435,647,795,808
64,70,182,22,273,459,473,727,786,829,893
59,99,214,135,273,411,437,575,711,890
153,26,137,70,267,313,339,397,566,584
177,3,60,78,575
72,1,177,93,505,508,696
25,249,5,6,369,380,406,547,551,552
144,51,123,206,268,884,962
0,110,13,262,342,453,512,591,624,775,849,862
266,18,102,6,351,437,558,694,703
136,37,4,101
48,137,226,5,738,768,825
100,0,132,44,280,321,323,370,384,425,525,600
217,68,197,118
56,260,261,95,319,602,663,956
1,180,206,17,362,406
17,101,165,94,384,413,449,977
8,241,95,23,568
16,177,27,14,640
0,2,44,157,732,868,947
218,26,5,31,620,701,746
13,187,5,271,468
184,17,3,190
200,0,58,3,537,935
41,202,46,95,680,974
13,187,181,15,443,905
24,233,3,79,320,468,677,967
8,16,158,199,289,480,760,804,841,949
56,192,238,39
56,225,98,186,771
204,286,46,207,430,528,576,605,819
24,49,107,95,438,544,655
18,1,2,251,786
192,51,155,135,337,338,606,632
200,19,76,23,681,764,917
80,155,252,15,297,303,517,830,833
1,204,84,94,439
208,241,64,253,323,532,811
0,121,259,294,486,491
144,59,69,46,513,574,581,620,792,893
225,10,43,39,392,405,878,985,986
21,196,45,6,514,536,909,963,990
192,73,160,119,331,475,642,650,669,756,912,913,970
1,98,237,190,309,313,317,522,562,573,627,670,850,920
17,19,108,294,970,981
24,1,156,15,701,905
153,92,9,132,327,352,532,578,779,807
65,187,53,141,943
56,19,252,6,309,381,410,473,612,735,810,836
48,219,110,127,327,402,457,636,683,808
302,18,307,6,347,529,664,765,807,942
41,2,115,63,916
57,3,196,13,392,508,659
73,234,20,39,905
302,1,252,262,319,464
168,221,22,157,336,368,445,452,551,570,666,947
32,67,99,5,383,413,463,584
232,257,18,22,362,376,628,965
81,212,225,302,329
8,211,46,216,586,646
313,83,273,121,475,634,742,778,800,873
48,204,285,78,422,944
71,271,78,127,364,424,448,501,538,629,875
80,1,67,4,345,365,504,506,838,924
296,199,45,271,757,857
0,62,235,6,446,763,955
26,74,6,15,542,546,697
9,162,51,231,386,437,454,537,861,935
305,195,308,197,360,402,472,610,700,987
113,109,14,199,347,352,403,446,511,617
202,226,317,15,610,740,847,972
169,75,13,46,363,423,428,598,759,887
185,235,132,301,514,603,622,724
193,10,37,30,398,463,485,599,942
0,101,142,71,405,484,939
1,19,229,199,804,893,995
136,1,10,139,491,820
26,314,6,31,485,568,686,778
41,60,13,292,441,537
128,131,292,70,910
216,146,262,14,387,638,937
28,237,94,15,563,631,653
75,235,6,151
267,197,6,71,375,754,863
62,5,6,247,398,507,547,643,752,794,822,835
78,26,220,134,594
72,322,132,117,352,761,817,961
59,173,94,15,460,469,757
328,309,117,199,607,616,864,874
207,109,38,127,459,491,514,523
194,156,189,23,608,771
3,2,5,109,973
16,11,268,23,621
328,345,27,305
218,202,163,247,428
24,194,250,28,623,675
3,7,94,151
80,58,3,94,489,516,717
82,13,254,165,373,650
187,83,93,134,425,766,861
176,0,203,55,410,456,496,563,573,625,779
0,24,12,327,473,474,624
162,4,29,46
156,274,219,316,492,844,847,872
32,1,330,117,374,496
321,185,12,117,593
2,193,322,177
152,77,109,95,394,821
192,1,28,76,540,885
256,234,314,167
248,265,44,244
137,18,14,271,388,431,457,494,587,645,734
75,13,110,191,380,390,413
2,228,29,78,731,860
3,19,357,15
178,26,363,151,483,552,733,784
342,10,30,113,706,853,854,866,927
200,1,316,6,497
57,43,28,142,396
80,0,194,5,386,583
0,16,32,23,556,563,600,695,834
240,265,371,187,412,878
242,307,13,135,550,559,600,838
82,28,14,52,737,993
194,186,315,76,487,868
48,275,20,271,412,637,794
40,10,107,199,855
378,107,326,15,606,913
339,84,237,94,423,572
370,44,166,14,526,538,585
3,188,37,46,450,782
249,371,5,247
80,28,22,200,618,742,777
299,237,110,311,404,455,467,509,715,918
48,88,4,214,708
32,366,6,216,657
8,25,44,1,747
377,13,5,141,741
121,109,5,262
126,332,343,31,663,882
113,13,70,135,664
80,1,6,0,413,448,467,702,944
18,182,214,39,478,528,686
194,308,327,127
328,65,219,29,962
392,0,20,13,687,848,855
299,19,333,23,465,504,677,858,872
265,274,125,1,489,811,823
113,178,86,39
91,251,213,231
8,1,218,56,477,577,828
0,121,307,359,809,980
156,261,28,197,613,772,933
384,380,85,76
371,315,275,400,826,976
121,172,97,9,599,936
2,5,22,154,466,594,960
17,15,6,199,882
0,15,39,127,938,966
146,234,44,143,678,932
163,13,158,207,583,914,967
75,45,110,127
64,110,164,6,516,996
320,9,50,94,493,780,802,848
330,163,387,22,481,588,687,858
321,17,51,217,626,777
358,22,62,271,496,519,563,922
200,25,27,33
88,0,80,249,749
9,330,106,353,560,641,869
117,99,37,63
0,289,132,118
41,370,69,54,648,722
224,37,182,6,479
32,65,59,17,637,716,719,770
41,125,188,45,461,536,587,786,791
200,259,157,71,447,478,903
17,50,6,39
179,268,261,326,776,811
241,290,6,15
145,50,59,295,801,814
13,61,206,231
48,337,92,221,712,729,744,911,969
38,1,48,113,619,860
180,284,38,55,679,711,906
146,3,5,38,776
0,314,52,22
16,121,328,324,570,739,824
24,115,76,435,520,602
400,321,19,144,451,668
169,49,275,60,576,819
218,227,28,389,842
448,196,75,12,971
65,314,3,17
225,267,101,191,900
326,194,12,6,755,908
392,12,236,6,478,876
170,223,54,359,844,923
0,370,44,308,579
8,121,58,75,499
40,260,14,348,616,789,865
232,0,346,94,691
41,434,19,111,805
88,65,107,54
315,35,332,244,782,934,988
8,313,194,11
173,7,405,55,548,895,926
16,246,6,415,566,630,639,889
400,3,148,392,744
280,12,285,239,937,962
178,145,346,14
109,11,85,118,519,781,891
24,16,51,109,717
194,210,180,327,482,896
360,307,44,260,749,769
360,10,102,55,494,621,823,839,946
7,301,38,319,533,557,973
201,139,52,213
409,163,101,102,569,592,905,948
401,435,21,455,526,858
432,67,251,109,579,650,672,684,785
241,27,5,286,584
41,258,182,423,565
112,10,157,472,588,641
184,0,374,95,915,974
19,333,206,127,500,518
336,153,66,332,689,770
153,3,36,297
0,37,62,383,881
184,88,82,219,930,950
356,26,52,406
105,210,3,102,572,602
297,235,348,335
32,9,362,20,596
243,28,422,39,525,636,954
474,23,370,31,711,813,969
200,126,222,138,747
425,363,220,359,520,591,714
376,53,61,45
8,219,131,13,881,950
64,9,458,12,702,720,969
56,99,484,39,596,879
321,25,177,182,530,589,890
137,194,13,207,729
0,123,163,14,661,725,726,761,940
322,405,110,55,524
264,258,74,6
16,322,68,133,531,595,623
26,61,343,207,827,956
264,202,207,311
392,1,98,15,613,667,693,737,849
130,27,20,62
72,328,59,229,653
129,267,117,55,694,696,849
2,298,5,29,527
64,331,300,348,834,943,996
102,11,6,159,633
26,164,356,421
1,27,12,294,608,843
8,0,484,38
425,44,109,470,971
0,496,109,447,587,710
64,16,139,55
0,1,302,192
39,348,181,167,601
504,37,253,6,682
64,493,221,271,673,879
66,131,388,478,614,676,867
152,193,513,231,924
401,7,289,191
96,235,309,110,530,678
16,529,501,1,862
18,506,29,6,571
8,305,296,108,751,937
194,2,110,475,572,911
40,81,196,20
107,36,197,143,881
224,434,300,222,861,874
337,49,282,326,998
321,241,388,13,698,715
0,1,253,173,851
88,1,70,367,675
153,101,141,30,640,874
0,225,325,70
160,194,10,5
194,29,290,21,615
18,107,29,206,571,630
42,156,325,79
48,265,5,343
48,465,67,109,609,782,870
16,1,37,119,895
107,156,381,142,825,844,898
265,314,55,207,721
265,374,169,166,590,591,630,669,681,762,919
48,145,19,229,945,958
137,247,78,207,644,897
0,3,51,84,834
80,73,379,1
2,475,61,247,870
65,194,268,52,656,803,940
121,37,381,62,648
27,1,163,428
241,50,19,5
38,302,13,6
425,379,340,359
200,18,163,13,588
481,98,132,63,583,810
466,75,262,239,674
8,1,76,221,810
336,35,276,5,946
48,5,155,477,595,831
17,314,45,446,580
545,531,12,13,589,688,804
490,387,533,7
169,258,302,359,841
298,12,13,6
185,164,261,263,937
289,449,109,63,787
8,210,48,409,587,892,929
305,36,110,39,783
144,457,203,479,732
570,18,6,71,736,846,989
225,298,35,117,585,637,697,855,980
80,137,12,13
378,419,565,235
480,315,221,262,812,826
130,388,581,182,661,825
0,132,318,7,700,814
520,577,434,370,717,988
167,482,564,423,673
0,571,52,501,833
552,161,113,231,670,731
496,552,267,45,638,941
1,187,3,477,701,797
131,364,21,6,877
344,201,241,415
569,506,164,86,719,851
0,2,492,500
18,3,5,207,735,769
177,330,22,151,656,929,967
33,34,332,414
379,381,230,271,768,845,911,983
1,2,523,14,903
273,490,5,447,669,785,952
0,331,62,215
144,17,133,1
289,207,102,63,971
48,49,386,292,947
347,23,78,15,652,773
17,349,517,167,800,936
1,44,197,548,627,807
329,82,230,327
1,236,213,54,778
43,307,141,143,763
216,411,509,94,957,984
25,132,526,76
544,201,18,103,753
347,459,22,127,631,730
0,328,176,39,708,931
138,2,28,391,778,970
0,442,3,206,756
298,76,190,279
474,187,351,71,756,951,957
331,211,69,5
506,132,101,354
360,267,80,94,750
209,3,29,359
16,0,424,247,847
302,129,245,609
140,316,30,6
321,98,26,249
552,545,466,200
616,48,340,94,788
24,234,19,292,694
164,515,4,15,797
136,192,5,319
156,75,164,173,750
224,146,308,493,859
384,433,204,581
256,339,156,591,767
80,466,182,54,837
168,277,13,541,699,790
144,482,428,45
200,121,301,30,808
209,13,343,127,845
160,554,226,29,658
8,256,370,151
318,81,94,231,706,835
1,259,164,206
431,100,76,559
172,212,77,15
301,357,158,479
8,1,13,14,672
180,60,38,607,702,726,866,899
219,340,70,511
160,10,13,101,692,759,798
0,290,20,6
0,89,558,598
40,394,37,110
644,3,36,243,815
27,164,12,311,760
8,37,29,79,842
585,9,1,503
41,139,118,7,886
144,273,398,0,720
232,309,63,399,689,801,935
218,20,109,15,733
16,314,253,6
22,509,71,207
448,18,51,14
552,602,21,301
590,202,302,6,897
62,92,13,78
16,479,651,71,836
24,104,588,525
2,218,211,566,791,840,964
2,354,123,540
121,234,526,1,751
129,285,405,55,887
224,529,418,13
1,26,443,167,965
194,242,283,20
552,16,178,293
75,158,524,214,687
156,234,26,308
240,2,198,479,924
216,225,88,212,859
336,401,13,126,967
682,404,38,423
178,13,571,61
664,485,211,213
88,6,182,63,872,977
8,153,460,164
13,117,221,654
209,26,509,1,707
512,632,268,13,815
1,2,379,55,835
264,512,229,6,953
187,325,581,119,793
192,538,12,20,764,854,873
640,97,18,28,733,895
41,586,18,327,981
304,82,592,279,885,928
400,499,652,151
67,268,71,215
40,10,119,247
119,156,61,63,749,856
646,37,14,375
46,19,693,182
617,393,196,4,718
164,218,3,20,855,948
520,61,78,176
443,261,494,23
216,441,12,53
27,3,203,213,833
496,59,252,182
392,538,160,111
433,219,252,61,949
587,356,87,471
26,250,708,109,964
433,595,14,227
499,5,238,663
12,551,6,135,764
431,59,191,247
29,85,21,7
331,43,13,94,822
152,56,52,503,865
49,652,37,503
1,114,260,5
24,227,12,117
8,441,10,502
616,9,20,215
62,372,590,30
25,579,278,14
665,699,20,374,843,955
80,370,11,205,936
3,307,75,597
1,580,222,63
153,98,509,382,795
64,98,13,270,753
81,3,77,446,812
329,178,35,13
97,396,222,7,982
72,391,12,319,768
88,8,109,6
136,441,467,109
73,225,233,237,831
2,15,101,279
136,495,395,119
16,58,61,255
473,427,76,705,753
624,66,635,213,915
65,676,139,532,948
112,182,94,343
738,749,126,615,894
27,222,342,135,998
214,60,222,454,971
301,1,619,621,852
75,346,323,22,857
44,13,30,71,814
80,177,330,654,906
83,659,286,243
345,35,190,503
552,207,50,231
23,612,324,39
721,698,43,293
120,3,309,207
16,28,358,143
24,17,252,638,991
600,194,270,742
473,50,116,597,883
433,51,485,113
72,288,3,349
152,153,3,411
1,137,119,607
80,6,174,7,850
83,267,196,6,821
168,444,437,55
424,18,182,391
336,618,611,319
305,10,214,359,996,997
0,63,422,151
144,17,470,223
548,389,102,463
578,163,52,5,809
56,1,26,374,976
602,19,5,479,867,922
57,434,291,260,812
576,0,134,25
200,81,19,631
227,156,459,235,888
640,229,58,29,870
434,674,94,119
88,298,13,22
697,4,77,14,952
384,129,6,343,810
40,737,10,259,871,874,999
162,198,29,38,998
592,633,80,22
59,101,654,7
59,221,87,143,935
80,608,69,319
32,664,79,439
10,5,422,7,904
59,5,558,199,964
334,571,12,286,876,978
461,13,100,5
0,137,60,5,892
305,309,609,199
642,259,308,94
194,783,190,410,853,894
794,307,565,567
80,296,437,406,891,909,914
584,786,739,36
24,1,84,494
112,586,758,439
658,60,37,694,873
66,163,156,199
32,345,170,127,965,986,991
1,202,19,119,993
289,35,60,449,829
26,204,52,335
217,21,366,775
243,724,53,343
152,185,474,406
208,3,446,215
550,585,5,270
584,185,194,413
0,248,507,20,886
409,27,163,235
0,19,819,260
44,29,294,23
8,569,10,745
24,0,26,11
294,713,589,6
379,514,555,22
48,695,646,343
672,58,307,38
639,15,182,135
322,182,381,30
185,474,188,12
152,674,20,143,926
30,573,22,286
72,65,450,660
0,517,35,733
456,362,550,63
600,35,50,643
225,19,580,77
136,329,626,362
0,404,13,422
512,109,267,509
192,302,236,774,906
539,137,595,20,863,903,925,979
192,756,13,110
136,809,48,375
0,698,70,375
385,581,404,709
705,156,55,231
178,323,757,134
257,405,478,423
16,98,636,685
0,442,372,152
200,536,358,326
72,530,267,165,895
2,851,342,159
129,347,225,151
27,51,725,459
29,652,375,76
785,132,30,526
178,383,278,111,930
13,428,77,206
138,548,557,790
795,32,195,39
690,362,147,405
698,815,182,319,907
795,536,347,541
168,321,243,97
804,229,22,455,910,913
593,52,109,183
200,380,299,180
162,500,525,231
224,2,82,14
487,26,498,535,985
416,97,10,398
769,101,181,102
104,121,266,10
51,228,701,367
83,827,662,247,943
232,330,117,677
41,91,44,789
466,20,37,62,891
8,261,61,501,966
889,811,470,102
577,84,133,806
153,298,260,334
89,3,753,809
465,699,549,862
472,17,20,223
80,554,37,670,954
10,205,550,15
131,652,5,62
48,107,196,453
64,218,126,176
48,0,187,135,963
601,851,435,78,925,974
0,802,60,6
312,304,284,477,927
759,850,443,239
8,873,27,78,924
220,454,38,44,932,984
811,36,141,300
162,338,51,876
600,441,533,175
38,41,301,222
125,876,301,386,921
192,811,419,39
8,58,483,750
209,13,117,310,986
162,19,293,38
40,1,392,192
56,17,552,252,943,999
16,0,302,6
913,67,111,215
425,785,78,39
456,3,80,5
322,907,684,527
903,851,211,95
840,465,156,109
905,20,230,375
98,58,12,701
40,577,13,598
488,32,10,868
3,617,155,12
121,418,3,908
256,411,117,235
64,249,200,463
664,282,326,799,975
608,414,117,734
339,468,532,575
80,417,163,167
137,13,333,189
75,44,558,503
0,1,13,591
251,332,309,30
306,514,886,919
96,400,320,29,945
944,553,120,125
568,25,474,67
314,36,606,278
477,29,709,751
59,716,286,95
488,498,44,141
621,243,13,6
793,602,117,17
696,153,200,207
897,4,493,127
105,324,733,30
0,273,507,199
187,621,91,613
64,553,50,215
81,109,13,126
116,39,22,415
38,345,6,55
266,403,468,6
36,300,902,247
16,674,803,718
817,316,182,679
145,194,417,890
419,686,285,598
150,117,22,39
441,499,77,494
618,301,101,303
755,605,451,519
160,329,142,41
475,44,206,350
283,19,483,903,982
32,104,78,935
784,17,413,141
16,690,275,78
0,11,804,45
209,851,6,23
145,410,581,23
86,700,182,303
78,5,741,974
600,105,12,6
19,908,613,15,997
32,881,299,13
88,817,299,916
104,26,68,327
216,2,587,463
1,155,580,133
58,211,300,69
817,169,93,767
39,52,20,76
96,818,13,382
40,148,13,127
67,11,52,334,999
514,779,421,14
984,779,117,246
537,754,796,255
256,795,995,919
