999.43
999.432
999.427
999.429
999.438
999.429
999.433
999.435
999.438
999.437
999.438
999.427
999.437
999.433
999.431
999.436
999.441
999.432
999.436
999.429
999.43
999.43
999.427
999.434
999.434
999.434
999.437
999.43
999.431
999.427
999.43
999.433
2.6752
2.54523
2.34566
2.7102
2.73152
2.48143
3.06165
2.58038
2.76695
2.60237
2.35162
2.58462
2.70115
2.72919
2.88343
2.5392
2.9453
2.49843
2.35951
2.45436
2.81389
2.80543
2.52418
2.78118
2.9733
2.53534
2.40713
2.43169
2.86219
2.60876
2.6315
2.74132
