999.429
999.438
999.434
999.44
999.434
999.44
999.435
999.439
999.432
999.439
999.432
999.427
999.428
999.425
999.436
999.434
999.432
999.433
999.431
999.435
999.437
999.432
999.428
999.431
999.437
999.435
999.427
999.434
999.437
999.432
999.431
999.432
2.39646
2.52625
2.68783
2.58644
2.8314
2.72421
2.81001
2.79602
2.71568
2.6951
2.73489
2.64927
2.89083
2.81388
2.34863
2.61166
2.63856
2.53817
2.59251
2.47894
2.78216
2.71314
2.73405
2.70042
2.95332
2.44364
2.35427
2.4963
2.83264
2.76429
2.44643
2.82209
