999.437
999.43
999.43
999.431
999.429
999.428
999.435
999.432
999.431
999.426
999.432
999.438
999.43
999.43
999.427
999.43
999.432
999.435
999.431
999.431
999.438
999.431
999.431
999.43
999.433
999.434
999.429
999.438
999.431
999.43
999.436
999.43
2.52324
3.11242
2.79382
2.70987
2.73586
2.67187
2.96497
2.38383
2.41309
2.52797
2.80135
2.77296
2.45759
2.7929
2.95573
2.57929
2.4923
2.32728
2.85351
2.67449
2.54823
2.82057
2.75881
2.74253
2.57632
2.32638
2.71952
2.68011
2.49466
3.13128
2.53795
2.74498
