999.632
999.628
999.63
999.629
999.626
999.628
999.626
999.625
999.625
999.628
999.631
999.625
999.631
999.625
999.631
999.629
999.628
999.631
999.631
999.628
999.628
999.629
999.625
999.628
999.631
999.624
999.626
999.628
999.627
999.628
999.625
999.63
984.86
985.31
985.213
984.999
984.917
984.609
986.612
985.492
985.286
985.888
985.249
985.529
984.435
984.816
984.541
985.333
984.647
986.104
985.451
985.882
985.021
985.335
985.766
986.308
985.166
984.7
985.697
984.934
985.202
985.09
985.045
984.722
