999.431
999.431
999.427
999.436
999.431
999.435
999.43
999.429
999.434
999.429
999.43
999.431
999.433
999.434
999.431
999.437
999.434
999.436
999.432
999.433
999.43
999.431
999.435
999.43
999.436
999.425
999.426
999.434
999.431
999.43
999.433
999.432
2.59041
2.5628
2.75275
2.58324
2.50087
2.50452
2.64177
2.92541
2.64036
2.56682
2.94286
2.53676
3.06273
2.21385
2.5505
2.62433
2.67651
2.377
2.76311
2.72984
2.50931
3.01092
2.68581
2.71425
2.64066
2.27245
2.63846
2.67353
2.61322
3.00521
2.48605
2.87776
