999.628
999.627
999.629
999.629
999.629
999.625
999.63
999.629
999.629
999.627
999.629
999.629
999.63
999.627
999.631
999.627
999.628
999.632
999.628
999.627
999.625
999.631
999.624
999.627
999.627
999.628
999.626
999.626
999.63
999.626
999.629
999.628
985.039
984.082
984.718
985.027
984.824
984.896
984.842
985.788
985.438
985.165
985.715
984.812
984.934
984.813
984.289
984.668
985.303
984.802
985.405
985.167
985.878
984.585
985.651
985.24
985.544
984.904
985.439
985.39
984.829
984.493
985.683
986.097
