999.436
999.433
999.427
999.433
999.431
999.432
999.428
999.429
999.434
999.432
999.432
999.435
999.426
999.434
999.429
999.439
999.429
999.437
999.434
999.435
999.433
999.43
999.433
999.436
999.428
999.434
999.429
999.429
999.432
999.436
999.429
999.434
2.60594
2.74464
2.85272
3.08416
2.59654
2.60225
3.03561
2.44546
2.88725
2.55219
2.50296
2.41807
2.8503
2.68981
2.73607
2.63202
3.00493
2.40319
2.41203
2.52912
2.80212
2.72283
2.48758
2.81297
2.91518
2.59938
2.51332
2.30616
2.83309
2.71526
2.50834
2.8615
