999.432
999.438
999.428
999.433
999.434
999.428
999.432
999.433
999.436
999.431
999.429
999.43
999.429
999.434
999.432
999.435
999.428
999.429
999.424
999.432
999.433
999.433
999.43
999.433
999.426
999.433
999.434
999.431
999.433
999.431
999.43
999.432
2.55132
2.62475
2.58541
2.53619
2.50175
2.82861
2.35385
2.48919
2.66833
2.8183
2.8461
2.50757
2.53118
2.92573
2.6052
2.73066
2.45583
2.59906
2.4978
2.68808
2.37958
2.82197
2.65855
2.64365
2.75037
2.76896
2.75273
2.53758
2.34566
2.7102
2.73152
2.48143
