999.431
999.441
999.438
999.43
999.435
999.434
999.428
999.434
999.432
999.434
999.432
999.433
999.434
999.436
999.426
999.435
999.427
999.44
999.438
999.433
999.428
999.44
999.433
999.438
999.433
999.431
999.434
999.431
999.434
999.435
999.428
999.434
2.80345
2.72014
2.88025
2.42486
2.78804
2.72696
2.69906
2.4642
2.41951
2.87342
2.27336
2.67932
2.42794
2.96119
2.73235
2.61022
2.5296
2.92366
2.54947
2.85129
2.33329
2.56408
2.67213
2.65242
2.3452
2.78329
2.72356
2.55919
2.8508
2.70362
2.65684
2.70196
