999.631
999.628
999.629
999.629
999.63
999.628
999.629
999.63
999.628
999.634
999.628
999.627
999.628
999.627
999.629
999.626
999.629
999.628
999.63
999.63
999.63
999.632
999.63
999.624
999.626
999.625
999.631
999.629
999.629
999.628
999.626
999.627
985.152
985.367
984.828
985.19
984.163
985.925
984.948
985.292
985.006
985.789
984.554
985.734
985.924
985.627
985.042
985.133
985.307
985.975
985.436
986.154
984.953
985.571
984.874
985.797
985.535
985.339
984.592
985.05
985.364
985.203
985.668
985.445
