999.431
999.432
999.43
999.434
999.427
999.429
999.433
999.435
999.436
999.43
999.436
999.432
999.433
999.434
999.434
999.432
999.432
999.431
999.431
999.434
999.433
999.429
999.43
999.434
999.43
999.437
999.434
999.427
999.434
999.431
999.436
999.434
2.79581
2.71381
2.54063
2.77471
2.75164
2.54365
2.8948
2.61591
2.95121
2.2159
2.62916
2.66566
2.64274
2.37811
2.72996
2.67985
2.5336
3.10821
2.52258
2.73483
2.56429
2.49248
2.51079
2.75928
2.68379
2.77542
2.67955
2.97349
2.43143
2.32513
2.50832
2.88184
