999.628
999.626
999.625
999.633
999.631
999.631
999.632
999.625
999.629
999.63
999.622
999.628
999.629
999.625
999.629
999.632
999.624
999.63
999.629
999.627
999.625
999.629
999.627
999.629
999.628
999.628
999.625
999.63
999.632
999.63
999.627
999.629
985.395
985.42
985.957
985.568
984.847
985.029
985.702
985.978
983.921
984.879
985.053
984.795
985.626
985.57
984.976
985.272
986.738
985.514
985.213
985.958
985.19
985.477
984.523
984.804
984.636
985.203
984.604
986.204
985.367
985.86
985.108
985.326
