999.629
999.631
999.627
999.628
999.627
999.629
999.629
999.631
999.628
999.628
999.63
999.628
999.63
999.627
999.625
999.627
999.625
999.624
999.628
999.627
999.63
999.628
999.627
999.629
999.629
999.63
999.629
999.63
999.627
999.626
999.626
999.622
986.245
985.137
985.852
985.859
985.606
985.187
985.176
985.499
984.857
984.842
985.848
983.925
984.739
985.031
984.815
984.877
984.833
985.835
985.445
985.237
985.588
984.936
984.84
984.761
984.32
984.774
985.193
984.852
985.339
985.302
985.836
984.484
