999.629
999.627
999.628
999.629
999.626
999.628
999.629
999.628
999.627
999.627
999.626
999.624
999.628
999.627
999.631
999.627
999.627
999.631
999.628
999.628
999.628
999.624
999.626
999.628
999.626
999.629
999.628
999.629
999.631
999.629
999.631
999.625
984.645
985.323
985.476
984.585
985.292
984.968
985.512
986.209
985.046
985.477
985.242
985.366
985.997
985.571
984.828
985.063
985.736
985.9
984.042
984.726
985.108
984.809
985.581
985.687
984.912
985.302
986.69
985.518
985.291
985.903
985.215
985.381
