999.438
999.435
999.432
999.431
999.43
999.429
999.434
999.437
999.429
999.43
999.431
999.428
999.432
999.424
999.431
999.425
999.435
999.433
999.431
999.434
999.431
999.43
999.432
999.434
999.432
999.429
999.43
999.434
999.433
999.433
999.432
999.43
2.70553
2.70823
2.61139
2.77299
2.50096
2.53626
2.6774
2.69112
2.67015
2.78596
2.50599
2.534
2.36911
2.92197
2.23558
2.69753
2.43932
2.88044
2.79126
2.64237
2.52511
2.94849
2.47927
2.91977
2.28481
2.57181
2.68411
2.63245
2.34612
2.79155
2.7339
2.52963
