161.472
200.912
210.685
151.659
240.392
190.749
161.093
171.439
151.443
210.495
211.073
171.304
210.976
151.608
200.954
141.043
171.467
181.186
181.142
180.848
220.365
151.733
191.16
220.726
171.034
121.693
131.585
210.7
210.442
180.825
181.414
190.978
0.41157
0.41518
0.41226
0.4111
0.41216
0.41445
0.41103
0.41369
0.41397
0.40945
0.41642
0.40848
0.40955
0.40697
0.41355
0.40759
0.41446
0.41042
0.41137
0.41322
0.41105
0.41461
0.41439
0.41276
0.41281
0.40625
0.41463
0.4135
0.40833
0.41304
0.41472
0.40896
