999.628
999.628
999.627
999.631
999.629
999.63
999.629
999.628
999.63
999.63
999.624
999.626
999.631
999.627
999.628
999.626
999.626
999.625
999.628
999.629
999.627
999.625
999.63
999.625
999.627
999.626
999.63
999.63
999.628
999.627
999.627
999.629
984.3
984.962
984.702
985.122
985.573
985.37
985.36
984.816
985.375
985.208
985.838
984.618
985.591
985.279
985.501
984.924
985.455
985.284
984.909
984.529
985.677
986.135
986.094
985.814
985.416
985.758
985.241
984.94
984.754
985.789
985.051
985.167
