 x999.433
999.433
999.435
999.428
999.432
999.436
999.437
999.432
999.428
999.431
999.431
999.432
999.436
999.429
999.439
999.434
999.435
999.432
999.437
999.433
999.431
999.433
999.435
999.428
999.431
999.431
999.428
999.434
999.432
999.435
999.431
999.427
2.65705
2.8302
2.45597
2.6392
2.45768
2.66787
2.33989
2.84223
2.70824
2.617
2.72695
2.79769
2.74278
2.51754
2.35649
2.76423
2.68795
2.48214
3.08997
2.58486
2.69427
2.70171
2.28129
2.62411
2.71155
2.64958
2.9448
2.47803
2.96608
2.51751
2.39848
2.43572
