999.434
999.433
999.438
999.433
999.434
999.436
999.436
999.427
999.423
999.428
999.438
999.431
999.43
999.432
999.438
999.43
999.433
999.434
999.43
999.431
999.428
999.432
999.435
999.43
999.434
999.437
999.434
999.44
999.436
999.428
999.435
999.433
2.7093
2.88469
2.21357
2.61232
2.69459
2.61278
2.33649
2.81154
2.70302
2.55008
2.8607
2.75398
2.66616
2.71226
2.25903
2.59662
2.75484
2.57362
3.05498
2.52594
2.83647
2.48272
2.54251
2.45825
2.79121
2.71283
2.71384
2.70178
2.96417
2.38387
2.4022
2.52884
