876.962
880.489
879.312
878.556
881.633
877.113
879.583
878.478
880.069
877.624
878.521
881.258
879.597
878.768
877.042
877.069
879.611
880.777
878.584
878.752
878.809
877.618
881.46
876.585
879.554
877.134
880.897
879.221
877.726
879.997
875.112
878.357
488.989
486.943
489.824
482.919
485.989
494.664
487.078
484.928
483.821
479.666
484.841
479.389
484.474
481.266
479.051
486.191
484.208
484.206
487.677
485.547
483.684
484.836
490.332
489.095
483.761
490.872
491.475
485.946
487.844
484.543
485.045
490.579
