881.118
879.063
878.268
877.717
876.996
878.478
879.504
875.986
878.532
880.569
878.712
880.467
876.711
880.577
878.612
880.033
877.647
877.222
879.577
879.059
879.965
879.389
880.172
879.839
876.519
880.417
878.836
878.316
878.586
877.74
877.874
877.724
480.756
486.631
482.591
482.544
482.543
486.821
489.988
486.02
479.868
484.171
483.057
489.179
490.353
486.859
491.68
484.509
488.585
490.868
483.992
488.342
484.723
484.808
494.011
489.109
484.947
492.309
486.667
488.06
484.859
489.644
491.967
494.001
