935.257
933.125
927.699
922.509
914.082
903.432
893.983
881.905
868.652
857.62
838.367
833.769
816.089
807.635
793.37
780.982
770.649
755.411
742.979
729.688
719.836
706.413
697.359
683.25
676.35
663.908
654.6
652.948
631.535
635.653
611.434
613.388
605.11
599.047
587.082
577.009
573.431
557.701
558.936
550.688
535.547
535.775
528.477
515.252
511.458
507.245
494.941
490.748
488.98
477.218
472.803
467.795
465.02
451.411
448.238
454.249
441.731
433.557
418.662
419.014
431.331
422.102
403.979
407.568
