878.264
876.958
876.151
877.639
879.541
876.705
877.21
879.699
878.484
879.317
878.407
878.381
878.62
878.486
877.711
877.35
880.327
876.836
879.123
879.142
877.991
881.081
878.854
877.905
879.212
877.6
878.768
878.35
879.976
877.976
879.905
878.461
481.383
489.217
478.051
486.992
485.763
480.949
493.851
485.019
483.51
490.148
492.016
484.685
490.431
490.3
480.021
475.003
482.441
488.891
483.331
496.302
480.156
486.772
487.086
489.88
490.698
489.257
489.087
486.601
497.331
488.08
479.648
486.557
