715.829
714.272
717.212
718.126
720.21
717.685
718.018
718.603
720.924
720.126
719.904
718.22
717.276
720.908
718.166
719.013
717.222
716.707
719.859
723.011
719.841
720.531
718.086
721.311
720.429
717.241
714.421
720.019
719.084
716.977
718.465
717.355
229.023
229.228
228.891
229.254
229.832
229.483
230.728
229.787
231.743
230.446
227.995
230.587
228.83
229.426
231.624
230.648
229.539
227.072
229.756
230.548
229.874
227.037
227.136
229.832
230.66
229.31
226.949
229.57
230.076
229.823
230.21
231.538
