877.532
879.922
878.135
878.007
879.229
879.251
877.244
879.521
878.458
879.519
879.407
877.25
879.679
878.861
878.362
877.269
878.221
877.915
875.432
877.569
877.455
881.278
878.235
880.861
877.965
877.639
878.666
876.704
879.921
879.917
879.415
877.811
487.034
489.815
485.538
487.244
488.532
488.697
492.164
478.917
493.398
493.389
487.264
490.12
484.946
488.288
484.774
484.498
485.535
483.464
489.384
486.338
489.902
483.68
490.442
483.823
489.131
487.319
486.054
481.471
484.387
491.603
489.327
479.88
