933.037
930.282
926.798
921.473
909.993
903.348
891.519
885.726
869.787
852.383
841.914
828.17
816.988
801.573
785.616
773.366
760.954
753.4
733.177
737.143
716.245
715.583
695.977
681.541
670.766
659.564
654.357
644.967
635.016
633.55
614.551
604.312
597.967
591.165
577.769
571.04
568.129
563.362
548.504
555.839
535.279
524.19
520.726
501.685
515.27
499.059
487.761
484.012
478.24
474.988
467.108
465.014
468.402
451.721
448.728
440.92
442.88
435.666
417.628
411.23
411.221
410.362
397.544
400.113
