767.678
744.901
727.36
692.385
680.96
658.939
643.569
610.544
587.535
568.495
539.594
520.991
495.075
488.504
451.416
437.927
428.458
407.268
379.506
363.352
356.356
328.444
307.499
297.863
288.766
262.506
264.003
243.332
245.055
232.31
214.677
210.075
197.849
193.18
193.257
187.934
177.278
174.412
171.722
166.974
162.408
161.594
153.44
155.785
150.72
152.531
150.843
145.365
144.541
139.903
141.731
140.381
136.643
137.884
133.237
133.059
131.892
132.59
131.568
126.694
128.117
127.754
126.012
123.698
