878.548
878.616
879.722
880.52
879.667
880.189
879.778
877.635
876.685
875.669
880.703
877.173
877.487
878.318
878.153
877.836
876.564
880.376
879.63
877.006
875.598
880.549
878.544
880.447
878.811
879.455
879.337
878.1
878.897
877.923
880.602
878.258
488.682
488.802
486.198
487.346
482.605
486.21
481.906
480.503
484.49
486.625
487.443
481.125
486.609
492.762
489.212
484.508
482.156
490.949
483.604
492.671
489.883
486.542
489.542
482.638
484.211
481.46
484.9
487.085
482.109
483.261
476.622
488.98
