921.684
918.944
912.427
906.509
894.287
882.08
874.191
853.952
840.762
827.794
819.822
797.659
784.173
773.636
755.569
736.302
737.785
700.986
697.554
687.1
670.474
665.731
652.987
641.37
618.101
614.68
601.86
591.464
573.268
570.422
556.042
549.401
544.85
527.047
520.854
520.681
508.999
497.388
496.932
482.052
466.219
476.248
471.311
448.148
435.667
425.509
428.405
425.74
418.735
412.9
402.881
398.463
388.085
383.413
375.167
372.181
363.445
361.438
353.791
346.372
342.906
340.611
341.271
334.966
