879.985
878.33
876.396
879.291
876.369
880.1
878.532
878.297
879.378
879
878.721
877.913
877.856
880.722
877.816
876.609
877.074
878.942
876.062
879.604
878.741
879.876
878.663
879.489
880.002
877.724
878.593
879.731
880.328
878.938
877.481
878.736
494.447
484.609
489.693
484.734
488.869
491.268
486.973
490.119
486.4
491.816
491.887
490.71
487.887
485.539
489.324
485.298
488.305
488.178
492.848
487.847
485.667
481.599
483.301
483.394
487.143
482.464
485.973
484.137
496.233
487.804
494.067
489.372
