942.08
940.061
935.665
931.309
925.006
915.264
903.694
898.034
886.121
872.668
862.241
850.193
838.82
825.748
821.742
810.915
790.728
780.983
773.727
755.173
746.371
739.529
731.165
716.052
711.636
697.11
693.968
679.522
665.394
665.902
651.334
646.14
635.239
637.316
630.19
620.258
600.852
602.121
592.255
584.722
585.57
567.801
572.469
556.127
554.125
550.284
532.256
530.925
535.897
515.824
512.357
516.979
503.02
505.93
490.563
480.207
484.368
481.886
468.002
470.771
468.431
458.122
458.609
458.248
