878.924
880.299
876.195
880.816
875.896
876.878
878.237
878.771
877.303
877.763
877.984
877.863
880.2
880.227
880.032
881.62
877.282
877.823
878.409
879.059
879.377
879.015
878.641
877.798
879.605
879.283
878.768
880.845
878.421
877.49
880.022
879.899
489.328
486.749
496.385
482.729
485.927
481.719
487.896
487.583
489.481
481.685
491.807
491.034
487.52
483.266
496.238
489.703
480.058
478.895
486.766
492.659
477.933
487.308
483.761
487.98
489.714
487.303
493.824
485.206
487.087
488.352
480.943
488.896
