879.522
878.047
880.655
880.719
879.449
876.879
878.914
877.03
878.112
877.619
877.793
880.361
878.101
878.148
877.254
878.868
880.083
880.321
878.819
877.502
878.878
878.079
877.177
878.554
877.102
879.782
878.359
877.471
877.731
881.569
877.214
880.137
486.015
485.629
489.235
486.009
486.802
481.057
496.531
488.526
486.197
492.54
484.665
483.346
494.217
488.567
488.712
488.765
483.18
486.635
491.747
488.239
485.035
484.14
484.157
491.126
486.043
487.833
489.274
485.304
492.569
482.981
487.585
484.183
