880.301
878.849
878.968
880.271
876.255
878.18
875.368
877.68
877.228
876.909
878.025
880.901
876.18
879.602
876.877
879.391
877.344
877.977
880.157
877.549
879.55
878.596
876.88
879.829
879.459
876.829
878.097
877.431
878.936
880.779
878.962
879.155
487.755
484.561
482.391
483.248
489.6
490.356
490.321
484.426
492.666
492.449
488.277
484.067
488.204
488.709
487.803
486.193
483.987
486.037
485.85
489.551
480.817
484.969
492.266
489.167
490.195
490.742
488.245
488.752
487.675
486.079
485.977
489.246
