702.811
687.336
663.076
636.221
626.504
603.418
571.402
538.607
521.237
491.796
469.615
446.215
435.469
411.496
386.445
378.31
354.627
345.302
310.266
309.411
289.788
270.336
261.048
250.294
239.218
228.566
220.974
212.829
210.211
197.746
191.124
181.114
176.755
170.836
170.059
162.825
163.386
158.551
156.449
155.74
150.636
147.673
144.534
142.308
142.125
143.789
138.133
138.593
136.992
136.085
134.92
131.689
128.607
129.096
126.865
126.717
126.117
125.409
123.911
122.419
123.445
121.322
123.123
121.002
