880.346
879.555
879.053
877.056
878.925
878.727
876.931
880.688
878.538
876.088
880.464
879.173
877.554
878.621
880.17
878.32
881.519
878.117
877.967
878.377
879.292
880.157
878.154
877.891
878.443
876.948
878.761
878.858
877.501
878.032
878.876
879.048
488.031
485.703
493.355
488.963
485.941
492.422
487.845
484.13
491.608
491.17
483.212
483.411
485.965
492.703
488.356
488.556
488.432
490.545
478.763
485.237
485.4
490.352
487.639
484.732
484.933
489.561
489.132
488.069
485.316
489.998
481.234
483.172
