716.89
722.165
723.445
721.109
718.218
716.795
718.395
719.203
718.228
717.045
717.43
718.08
717.667
719.155
718.128
720.324
718.996
721.725
717.933
721.043
720.836
715.186
720.863
718.651
715.378
715.28
718.074
715.867
713.459
722.417
716.711
717.247
228.906
229.456
229.286
228.676
229.72
230.119
228.714
228.82
230.026
228.135
228.859
227.887
229.765
230.281
232.03
229.778
229.085
230.054
229.071
227.36
230.358
228.515
228.269
229.013
230.991
230.18
229.429
230.467
229.824
229.447
228.193
229.112
