679.636
640.097
621.422
595.318
579.196
549.338
515.473
499.908
459.928
454.648
422.036
401.399
382.537
362.121
347.937
325.895
313.28
294.782
277.284
273.993
257.945
249.432
240.241
234.859
219.668
213.188
200.397
192.946
188.697
183.903
175.066
169.871
163.742
160.603
159.102
151.686
153.924
154.95
147.826
146.362
146.161
140.758
141.564
138.665
137.943
136.248
135.251
133.188
133.633
129.779
127.97
128.199
126.6
127.665
129.146
123.955
122.075
123.293
122.329
119.725
119.007
118.678
117.64
115.852
