721.229
718.862
717.812
715.001
718.373
721.385
717.1
720.379
719.349
715.827
715.901
720.284
715.391
716.922
714.685
720.672
719.474
723.048
716.878
719.826
718.301
720.436
717.045
719.43
719.464
721.205
719.931
718.37
716.926
717.976
716.078
720.671
229.997
230.589
229.605
229.368
229.237
231.607
229.963
229.153
230.426
225.44
227.584
227.794
229.345
229.914
230.487
230.867
230.009
229.788
228.3
228.096
231.272
229.771
226.344
229.075
228.33
230.396
229.627
230.235
228.936
229.31
227.542
229.034
