930.912
930.017
922.593
917.604
908.759
899.784
885.699
874.324
858.733
852.266
837.03
821.082
811.986
798.657
784.967
769.046
748.383
751.113
733.272
723.942
713.712
691.658
678.717
688.681
667.909
658.343
632.575
634.256
621.832
612.738
612.639
593.173
573.711
577.461
579.648
564.534
549.109
543.095
552.314
527.275
521.726
500.892
509.459
500.601
497.101
479.351
468.551
475.75
460.119
451.659
446.667
447.827
438.567
431.173
422.593
422.441
421.709
413.022
408.596
406.207
400.233
399.45
393.551
374.875
