922.538
921.856
916.28
907.909
898.186
884.324
872.105
853.291
848.526
830.262
822.132
804.562
780.058
766.275
753.241
741.814
732.549
715.934
699.337
694.703
676.041
665.843
650.468
640.739
625.613
623.253
611.618
597.74
591.288
590.197
569.544
553.678
549.054
533.578
527.183
508.829
518.442
503.442
503.66
488.49
474.441
474.868
466.273
459.693
445.009
452.196
449.344
423.677
427.813
421.944
421.322
413.914
405.439
392.303
384.762
386.493
369.877
376.704
364.326
357.194
360.258
352.791
347.491
342.285
