721.193
718.38
722.404
721.387
718.111
717.213
722.792
718.601
718.084
719.915
716.261
720.042
717.229
720.718
718.787
720.151
718.522
717.372
717.187
716.054
716.733
719.481
717.522
717.992
718.567
720.254
717.819
717.252
719.354
719.379
716.087
719.212
229.749
228.359
229.773
229.381
229.732
230.112
230.027
229.386
229.113
227.24
228.458
227.37
229.296
229.636
229.719
228.236
229.637
228.684
230.961
228.092
229.552
231.25
227.668
229.373
229.953
228.365
228.183
229.885
229.419
231.844
228.974
229.584
