584.008
552.312
537.117
493.221
475.858
450.799
416.034
412.605
383.069
369.986
343.23
334.913
312.827
299.478
282.109
270.3
265.155
247.595
243.404
228.072
222.808
215.249
205.223
197.516
187.907
187.516
178.711
173.598
170.471
164.916
158.789
157.652
153.767
149.557
148.224
145.882
143.622
141.916
138.627
139.801
136.531
136.174
132.387
133.453
131.616
127.604
127.53
127.928
126.346
122.805
124.546
122.359
121.684
122.194
122.228
119.796
119.305
119.427
117.664
117.877
118.471
116.282
115.275
115.188
