909.5
905.79
898.344
888.76
878.845
863.623
845.367
833.485
820.501
792.78
780.608
767.433
743.077
734.657
721.374
705.08
694.544
675.969
665.186
654.312
632.196
623.788
604.405
592.942
581.695
568.259
562.476
550.227
531.446
519.969
522.357
499.936
500.506
484.958
467.567
469.586
450.301
450.443
440.134
426.403
419.34
416.875
400.966
388.628
391.093
380.082
383.033
365.815
360.995
350.56
351.593
342.574
340.447
337.864
324.443
315.228
315.396
309.189
301.253
295.436
298.233
286.973
281.311
284.247
