718.411
719.518
714.261
719.557
721.104
718.797
716.866
718.763
718.748
717.665
722.481
718.924
720.465
723.67
721.303
720.569
716.728
720.088
720.007
720.209
718.896
716.191
723.679
721.372
720.181
720.115
723.94
721.22
717.496
717.927
717.643
723.463
229.723
230.786
230.2
230.101
228.866
229.004
226.565
227.64
229.002
227.749
231.146
230.391
228.565
229.281
228.453
228.984
230.081
229.345
229.423
231.363
229.798
230.545
231.005
229.638
231.25
228.309
233.223
231.034
228.124
230.105
229.567
229.35
