716.43
716.84
717.627
719.804
718.366
717.744
720.93
716.554
720.169
716.317
717.205
715.506
717.134
717.589
724.788
717.184
717.418
717.542
722.882
721.589
716.36
719.344
714.67
717.215
718.218
719.856
718.442
717.118
716.852
719.408
717.51
720.81
229.165
228.636
230.383
230.277
229.373
231.859
229.405
230.788
230.824
229.319
231.036
229.632
231.777
229.308
228.722
226.94
228.977
229.746
231.965
229.304
228.652
229.903
228.526
228.184
227.398
229.885
228.012
227.736
229.842
229.82
229.793
229.927
