879.577
879.093
878.866
878.804
877.588
880.391
881.357
878.581
879.069
878.677
878.38
877.645
878.736
877.46
876.788
878.396
878.179
876.294
878.061
876.709
879.375
879.436
880.631
878.85
881.128
880.877
880.35
878.418
879.027
878.967
880.974
879.189
488.232
486.89
491.028
487.768
490.877
488.137
487.712
491.327
492.436
489.999
488.747
486.519
490.356
483.411
488.238
492.003
489.174
493.049
490.472
480.127
494.731
487.573
484.459
481.915
483.419
480.372
485.062
482.754
482.359
475.867
492.612
490.119
