941.279
940.951
936.925
932.346
926.07
915.817
910.653
898.741
885.511
873.348
865.492
854.92
841.712
824.8
814.791
801.517
790.744
783.117
775.782
767.181
759.393
747.431
725.652
721.462
713.779
704.861
692.882
682.691
674.222
671.098
660.559
653.393
644.356
638.955
620.401
622.744
612.77
608.307
598.208
594.074
588.046
574.489
579.132
556.656
546.441
548.437
544.506
538.525
533.441
524.654
518.115
511.729
503.579
507.83
496.198
490.946
490.744
486.622
475.243
473.883
466.801
474.103
453.991
446.681
