659.93
621.303
592.185
568.07
548.828
516.488
504.271
477.727
457.238
430.522
402.084
386.295
373.76
344.845
340.496
313.766
302.341
291.558
267.851
260.269
249.46
235.704
229.008
220.256
208.198
206.328
193.417
189.12
181.461
175.035
170.397
166.332
160.599
156.183
155.952
155.879
150.605
150.31
145.962
142.658
144.291
139.186
134.955
138.758
134.038
132.309
133.926
130.541
129.444
126.296
125.987
126.722
125.777
124.334
124.475
123.707
120.238
120.813
118.473
121.252
118.531
117.197
116.961
116.531
