872.932
867.723
854.65
844.753
826.81
814.404
794.396
785.091
766.23
737.33
728.66
699.381
686.791
673.326
641.469
632.812
617.516
607.428
588.166
569.399
557.769
541.804
523.724
515.473
495.743
477.005
463.859
446.056
439.868
427.711
419.855
412.507
406.319
396.504
385.519
368.621
362.043
349.022
342.793
329.621
315.874
309.674
312.96
296.35
285.863
291.773
274.822
270.732
270.718
250.631
245.289
240.938
239.525
237.719
226.068
217.572
222.871
210.23
215.99
206.201
204.077
199.167
194.768
197.614
