716.88
719.664
718.224
718.397
722.052
722.034
716.068
720.839
720.567
720.273
718.54
720.144
717.39
717.239
721.077
719.922
720.233
718.102
716.13
721.466
719.298
722.539
716.736
721.667
719.271
722.944
718.497
721.179
721.974
721.578
717.77
716.791
230.198
229.6
229.099
228.995
229.906
228.777
229.057
230.152
230.191
225.879
226.206
228.951
229.334
229.027
232.722
228.941
229.494
231.687
229.736
230.144
228.588
229.82
229.135
231.269
229.162
225.814
229.434
230.525
227.961
230.374
229.406
228.892
