717.525
715.644
721.658
719.407
719.713
720.749
718.014
721.675
718.19
720.543
715.996
715.114
719.828
717.748
721.357
719.189
713.399
722.287
721.021
719.365
712.387
718.71
721.202
716.69
723.825
716.497
717.549
715.242
718.722
716.504
720.181
722.127
229.454
229.274
227.36
230.897
226.954
229.04
228.31
228.975
229.123
232.989
229.192
228.626
230.584
231.11
228.592
226.598
228.908
229.423
230.004
229.976
229.588
228.029
230.188
227.358
230.772
229.101
228.057
228.09
232.011
229.905
229.896
228.142
