724.226
704.396
698.977
672.02
644.147
625.311
600.727
570.99
541.382
524.072
499.349
488.32
461.04
426.595
403.638
398.961
358.262
354.029
337.835
328.786
297.123
298.849
282.366
265.551
247.093
243.249
234.533
217.809
217.194
208.262
192.64
190.233
182.472
177.531
174.688
170.327
165.324
163.449
161.78
155.686
152.365
150.673
150.508
145.294
145.143
143.95
141.956
138.372
139.172
137.665
134.799
133.813
133.508
131.482
129.597
127.99
128.123
126.802
124.804
122.339
125.378
122.815
121.548
122.371
