936.937
933.636
930.646
926.06
916.939
910.944
896.997
882.232
874.754
862.207
854.937
835.083
820.918
807.119
805.835
787.674
776.689
773.924
754.997
727.753
735.155
725.38
712.747
700.593
686.617
677.807
680.975
662.718
647.563
645.039
639.503
629.153
621.126
602.316
597.138
586.92
582.753
571.586
574.272
561.139
552.091
544.947
538.371
525.029
521.59
521.384
507.412
503.791
496.997
496.154
485.275
484.36
476.512
482.726
463.712
459.888
463.142
445.73
448.375
437.411
428.581
426.901
424.176
415.5
