784.448
776.356
757.38
733.969
723.079
698.85
687.502
660.076
639.998
614.982
600.683
566.56
537.434
518.126
498.202
473.389
467.749
432.444
421.601
401.379
376.631
369.336
355.893
340.929
314.126
306.391
299.968
284.712
266.802
256.691
241.935
236.084
226.396
219.582
217.292
214.837
205.22
196.481
196.501
186.081
178.338
174.372
174.12
167.53
165.983
164.299
156.975
154.8
158.407
151.908
150.356
150.995
143.928
144.507
140.256
141.384
137.895
134.827
135.724
133.687
130.469
128.937
129.613
129.181
