944.371
943.709
940.563
935.297
928.715
920.791
913.355
904.01
886.983
881.813
873.051
856.334
845.013
831.288
831.761
818.818
807.766
797.609
780.073
773.44
761.865
752.542
743.821
740.856
724.237
710.062
708.951
699.743
684.126
677.794
666.391
659.03
656.379
648.999
641.573
627.443
632.788
621.759
612.065
602.031
591.877
590.41
581.164
576.55
566.544
561.029
562.416
550.272
543.526
547.753
543.226
525.788
517.256
521.405
514.149
513.475
507.711
498.688
504.17
496.914
482.947
474.021
479.969
478.191
