722.622
719.843
714.918
720.793
720.602
723.5
719.781
718.301
723.714
721.75
720.019
718.311
719.767
719.596
723.593
718.682
723.11
720.592
717.092
717.683
721.706
714.833
713.322
718.977
717.882
717.572
715.338
718.61
719.121
719.627
717.731
719.8
228.674
227.108
230.214
229.754
229.593
228.501
231.157
228.206
228.741
227.384
229.768
229.935
227.6
229.431
227.767
229.728
228.787
227.895
228.313
228.125
228.571
230.034
230.887
229.93
230.05
231.219
231.064
228.457
228.289
230.081
230.013
229.875
