951.728
950.436
947.731
942.186
937.069
929.477
923.069
914.1
904.416
896.804
885.092
873.547
861.693
855.605
838.831
830.376
824.703
812.457
803.036
794.447
780.62
777.712
763.651
749.29
756.112
741.534
725.003
717.735
722.505
702.069
695.721
691.876
685.795
672.796
665.243
660.224
652.751
645.033
640.825
626.958
629.365
620.004
613.619
608.352
606.764
595.384
590.363
581.698
577.038
579.645
564.865
568.604
553.213
559.268
544.63
540.778
537.498
539.173
528.972
524.511
520.673
518.948
506.217
500.058
