911.369
908.647
901.892
895.657
882.686
869.695
848.444
844.075
820.359
808.618
790.709
771.192
765.716
734.639
726.99
709.453
703.274
682.112
662.132
660.073
640.002
630.929
616.231
601.346
589.699
578.378
577.279
551.635
552.743
542.06
529.931
510.106
510.82
488.106
483.259
473.039
477.606
456.15
441.888
439.702
436.857
437.2
422.949
400.914
392.995
395.549
394.223
375.213
371.223
361.322
355.248
351.989
351.113
339.843
333.327
320.927
330.203
335.272
314.471
309.564
311.359
293.396
293.094
291.818
