878.281
878.094
879.178
879.93
878.389
878.909
876.927
877.408
880.357
876.16
881.331
881.474
878.64
880.418
877.361
878.22
877.999
880.338
877.483
877.52
877.742
879.372
877.921
875.671
878.136
879.542
877.435
876.936
878.933
883.828
880.793
879.69
486.45
481.863
482.452
482.233
492.719
485.565
487.057
487.303
488.275
485.158
493.95
490.977
483.475
488.393
485.646
485.356
485.296
486.413
491.854
483.044
485.653
485.082
482.688
488.292
491.096
481.345
486.417
488.546
486.713
489.273
493.106
481.867
