819.75
811.982
803.772
776.343
766.736
750.778
736.619
705.558
683.58
667.034
632.504
615.715
603.15
570.356
566.721
539.885
521.756
504.425
487.932
465.54
449.768
438.895
423.892
402.128
384.354
376.885
347.699
349.781
335.559
324.114
307.829
302.791
285.452
273.943
267.774
260.909
247.914
233.469
222.895
217.843
222.217
203.999
197.399
197.258
186.729
191.513
184.057
184.484
176.161
175.959
171.962
167.888
159.338
156.339
156.761
156.175
153.271
152.146
151.138
145.589
142.361
141.622
138.545
137.143
