939.991
938.053
934.227
927.323
921.953
913.612
901.587
890.538
882.737
871.075
853.161
847.153
835.146
818.574
814.166
796.675
787.691
781.568
754.002
753.023
735.787
728.627
731.808
718.8
703.945
692.872
679.419
677.245
670.795
657.457
645.161
636.175
637.338
626.257
608.606
599.084
600.871
587.129
585.635
580.373
565.472
565.013
559.034
542.515
542.544
528.52
519.703
523.169
512.23
511.336
502.461
497.087
480.829
491.523
484.05
477.799
471.096
468.124
464.597
457.756
451.95
450.343
449.714
435.09
