880.277
876.568
878.178
877.817
880.873
879.065
880.433
879.386
876.842
876.661
878.991
877.717
879.595
877.366
878.71
878.054
878.608
877.177
878.521
876.931
878.842
880.367
877.815
878.381
876.674
878.835
877.583
879.84
877.943
878.388
877.079
879.316
488.024
485.2
480.196
491.887
489.513
484.937
482.803
489.465
491.137
484.825
487.435
490.598
487.551
484.1
482.002
485.183
489.897
479.793
492.992
490.343
487.345
484.752
485.718
491.821
481.554
475.805
489.095
485.341
488.232
493.718
483.719
482.185
