894.528
887.822
879.685
867.793
860.103
845.719
829.559
806.768
794.147
778.654
757.594
741.344
724.55
711.403
693.08
678.971
657.406
651.738
630.39
623.999
605.377
582.823
573.974
561.08
544.852
539.725
530.001
517.364
503.466
492.423
485.103
458.365
458.651
440.933
442.678
432.365
430.952
412.932
397.054
395.105
386.554
379.214
370.911
356.981
337.377
347.431
338.872
329.063
318.318
310.188
303.904
306.205
301.088
288.295
286.138
280.078
273.325
272.87
263.611
265.338
256.831
251.945
250.522
245.809
