839.782
837.474
819.398
806.467
795.461
769.292
747.229
729.188
713.848
689.114
676.183
658.614
639.272
603.994
601.605
578.882
562.878
545.191
525.866
510.198
475.514
473.368
460.365
446.327
441.083
414.214
403.201
399.407
377.887
369.311
347.594
328.814
323.637
306.493
304.11
292.142
283.931
277.991
270.365
254.786
250.526
239.805
236.158
225.311
218.106
222.52
211.612
213.471
201.902
189.751
197.681
190.512
190.953
187.781
176.247
174.393
171.221
162.643
167.04
161.093
163.759
162.931
152.984
150.885
