952.503
950.931
947.765
942.962
937.733
931.907
920.444
910.343
904.659
892.209
884.447
878.486
865.206
854.124
842.351
833.954
826.551
809.238
797.965
795.323
789.308
779.747
762.345
760.588
746.326
741.343
730.02
721.418
711.511
711.997
696.595
692.356
679.996
686.033
665.223
663.16
654.052
649.628
643.215
628.977
635.026
622.466
611.519
603.869
605.8
598.633
588.619
583.061
590.963
576.23
573.956
564.115
562.307
550.86
546.65
545.884
543.939
548.109
527.123
526.352
521.177
516.607
512.675
510.059
