718.041
716.673
719.339
715.113
722.862
715.2
719.976
719.556
719.213
722.01
720.078
718.046
719.89
715.649
719.448
715.937
726.069
716.748
718.901
722.423
719.302
716.436
716.216
717.484
715.347
717.603
721.014
719.357
718.574
718.375
725.249
719.314
229.038
230.031
229.215
232.49
228.632
230.663
227.101
227.409
226.83
228.028
230.945
229.02
227.972
228.555
227.595
230.802
230.154
230.373
228.866
230.971
227.903
231.349
230.661
228.576
228.748
229.228
228.516
228.043
228.532
229.018
228.905
228.178
