848.322
843.857
832.607
815.762
800.155
783.26
759.037
744.283
732.908
706.315
683.439
661.644
649.556
633.303
603.174
585.797
576.032
560.677
535.141
531.409
513.679
488.442
478.929
464.556
448.396
432.757
422.468
411.383
391.648
388.866
367.485
366.346
330.703
330.519
320.81
311.275
297.322
309.072
286.645
270.132
258.723
257.574
249.833
249.465
237.392
238.075
234.327
217.656
218.004
206.082
211.04
203.244
198.896
191.756
187.714
191.092
183.151
173.717
175.371
169.185
165.588
164.294
159.263
160.841
