716.713
719.472
718.084
716.16
720.085
719.998
719.706
719.377
717.144
717.517
717.355
717.406
719.372
718.989
718.723
720.853
719.912
719.647
720.344
719.396
718.927
719.989
719.175
720.475
718.933
716.051
715.419
717.729
718.453
719.97
721.476
719.734
229.59
231.085
229.631
229.609
230.284
230.199
230.967
227.11
228.011
231.662
230.733
228.729
229.394
229.178
230.014
230.283
231.206
230.387
227.246
230.181
230.992
229.244
231.154
231.056
228.491
230.365
226.853
229.798
229.264
230.234
229.738
229.368
