506.228
481.957
452.193
425.287
400.82
387.972
366.739
352.749
343.765
324.319
311.356
298.753
288.927
265.545
256.999
242.949
235.553
225.495
224.051
209.977
207.463
198.958
195.769
186.701
178.417
173.712
172.892
165.365
159.92
156.672
151.922
148.511
145.008
145.716
141.291
141.47
138.805
137.403
135.852
135.291
130.807
131.915
130.905
130.301
129.51
126.966
125.264
125.116
123.104
123.05
121.962
122.106
119.744
120.728
119.148
118.295
119.148
116.807
115.6
116.473
116.753
112.617
115.57
113.475
498.726
480.922
466.458
435.686
412.149
391.131
370.532
351.393
347.001
322.493
303.221
297.568
285.355
266.796
259.42
251.167
236.678
228.066
