719.025
717.869
721.943
716.783
721.129
719.051
719.343
717.815
721.243
719.935
716.773
717.295
721.232
715.568
720.478
717.884
718.964
716.13
718.683
721.425
716.637
719.823
719.768
720.246
723.096
717.496
717.84
717.624
718.216
719.218
721.492
721.083
228.697
229.559
229.715
227.422
230.928
228.121
229.184
228.672
227.616
229.312
229.758
230.227
229.557
230.007
229.966
229.364
228.65
228.462
228.666
229.44
228.815
227.778
230.591
229.573
229.225
228.855
230.495
228.351
228.929
228.499
228.737
227.404
