915.936
912.625
906.768
898.865
887.225
874.333
861.23
840.199
831.706
816.532
802.87
781.155
763.231
747.353
734.847
728.825
709.197
695.045
685.513
652.648
640.941
638.38
626.291
610.572
591.391
598.093
568.824
562.27
562.002
550.112
538.708
522.745
504.289
514.432
491.281
485.6
495.391
462.794
459.561
448.798
439.96
432.548
421.642
433.645
416.221
401.672
402.974
398.759
388.917
374.866
364.716
371.1
362.152
362.773
350.275
347.303
329.936
338.48
331.417
320.774
312.14
320.83
308.366
296.296
