940.876
939.214
935.3
929.998
921.859
914.174
903.165
896.704
877.694
867.47
856.09
845.187
838.338
818.978
815.239
800.578
785.929
782.445
772.164
759.147
750.485
735.837
726.207
710.899
699.316
697.343
685.138
677.64
668.778
671.164
641.948
640.416
634.378
635.269
621.889
609.111
610.726
596.338
597.473
574.115
573.156
561.067
550.95
544.985
544.071
537.595
540.428
531.67
520.666
516.693
504.777
508.276
501.933
492.875
491.139
480.458
478.356
474.08
472.858
463.555
460.383
459.232
456.245
443.313
