718.829
718.235
723.07
716.34
720.4
720.245
715.494
720.519
718.725
723.235
724.327
721.808
719.253
716.204
723.679
719.657
722.213
720.779
720.071
718.635
715.387
716.676
718.968
716.276
714.886
720.624
717.823
719.108
718.135
721.56
720.261
720.082
229.537
228.731
228.359
228.964
230.851
229.219
230.753
228.992
229.511
230.169
228.107
228.902
228.169
230.098
229.404
231.068
229.171
229.155
229.589
229.273
228.232
230.799
229.648
227.954
228.465
229.571
230.477
227.698
230.191
228.703
230.287
229.253
