889.557
882.698
874.351
863.964
853.231
836.038
817.99
805.478
790.744
769.419
746.879
740.863
713.305
704.379
686.944
668.881
665.435
637.235
624.77
601.785
592.787
580.546
560.349
551.488
536.885
534.299
513.205
495.255
493.164
484.469
464.797
458.153
456.843
428.926
416.266
414.276
408.929
393.938
375.606
375.083
351
362.61
348.076
340.787
343.086
337.53
322.768
320.312
304.433
301.227
297.283
293.793
278.334
274.465
280.389
267.103
256.997
254.932
253.632
246.926
239.219
246.448
237.996
229.21
