748.135
736.288
706.002
680.572
671.706
645.324
624.895
595.958
572.767
541.446
529.967
505.029
479.721
451.851
442.234
404.613
397.473
379.936
347.571
335.647
327.78
305.765
301.152
291.679
263.293
245.291
239.769
236.291
221.19
212.854
205.087
199.062
192.827
183.246
183.071
176.716
175.9
170.673
165.972
164.62
159.316
156.004
155.197
152.83
145.984
144.766
141.378
141.787
141.754
139.753
138.407
135.501
134.62
133.326
129.637
130.933
130.476
128.66
124.828
124.168
126.022
125.875
125.073
122.562
