877.6
876.555
878.263
878.401
880.046
877.072
879.87
878.907
878.168
877.371
879.404
880.131
879.422
876.594
880.686
877.117
879.277
880.04
877.108
878.809
881.394
877.675
877.688
880.407
876.313
875.999
879.876
878.775
879.921
877.658
878.333
879.172
481.23
485.672
483.975
489.333
488.288
493.451
487.153
486.947
490.743
491.621
490.266
488.702
489.334
487.464
485.295
489.608
483.625
489.225
487.594
483.3
485.304
480.548
482.83
493.253
487.068
490.646
487.329
486.103
489.934
484.744
481.727
487.5
