904.256
900.632
891.284
882.411
869.458
855.735
840.725
824.839
808.372
791.417
779.349
759.371
748.518
732.579
714.79
692.878
686.271
680.925
649.069
639.855
619.082
605.552
586.715
578.697
578.632
562.811
557.678
539.269
521.967
517.737
499.07
492.915
479.736
461.433
461.054
451.474
444.784
442.284
428.599
420.228
409.523
397.519
387.027
390.765
374.904
369.164
358.79
370.354
339.453
345.94
335.552
324.79
317.254
323.22
308.967
311.826
302.05
301.068
298.053
278.408
282.682
280.37
271.281
269.784
