878.443
881.017
877.591
878.543
880.861
879.046
877.608
878.378
876.475
879.72
881.334
878.48
878.867
879.344
878.334
877.868
879.055
876.994
878.334
877.837
877.876
880.921
875.982
877.663
874.892
879.928
879.212
878.97
879.46
877.919
878.667
880.299
483.888
487.521
490.218
482.56
481.939
489.764
494.449
478.315
491.272
484.555
486.995
486.699
486.055
485.224
483.947
486.087
484.401
489.315
485.128
482.502
495.014
481.979
486.67
484.412
482.434
486.029
489.817
484.826
485.737
482.736
490.193
491.316
