917.521
912.769
908.501
901.257
890.128
874.225
860.754
847.922
831.964
817.054
805.193
783.594
769.432
750.058
743.075
730.405
715.938
699.579
694.158
676.9
661.522
645.821
637.998
614.862
615.606
598.535
588.833
582.563
560.249
560.231
554.976
534.454
525.067
517.532
506.63
501.445
493.353
477.161
473.272
457.003
453.881
451.669
450.042
428.517
425.891
426.923
414.672
400.142
401.778
388.155
380.067
374.291
381.534
380.151
362.031
355.727
358.714
351.825
345.74
327.762
324.884
330.354
315.533
319.08
