878.447
878.285
880.143
878.944
878.633
877.668
879.859
877.899
881.555
879.422
875.931
878.301
879.008
878.318
878.464
877.686
880.877
878.4
875.773
879.761
877.82
877.543
879.651
878.142
878.638
879.862
877.226
878.445
878.429
877.283
878.476
875.889
491.343
491.188
483.399
488.455
492.555
483.232
493.281
487.979
485.507
487.457
486.052
489.848
490.384
485.509
488.228
491.045
487.876
492.247
486.485
480.976
487.766
481.527
489.894
480.936
482.704
492.628
492.132
484.029
479.372
488.605
488.828
481.385
