717.898
719.762
724.011
718.631
718.586
719.005
717.218
721.569
715.796
721.28
721.301
716.84
715.325
723.622
722.408
718.396
721.868
718.832
723.175
720.123
718.605
717.014
715.436
722.087
722.32
721.225
714.792
718.389
718.13
718.666
722.069
723.701
229.992
230.458
230.837
227.448
226.596
229.203
228.454
229.056
228.161
228.976
229.232
230.39
230.693
229.617
227.862
229.738
227.831
228.682
229.07
228.202
228.774
230.545
229.674
228.953
228.432
230.546
229.005
228.96
228.558
231.054
229.087
229.92
