935.162
934.148
927.557
923.399
915.016
906.934
896.579
886.862
871.035
857.23
838.502
832.604
814.732
811.786
792.725
779.235
773.719
759.789
739.572
732.826
731.286
715.78
701.601
688.656
684.291
675.968
672.299
659.13
651.427
639.429
634.002
618.897
601.44
599.929
591.734
581.614
578.339
575.306
557.258
550.568
551.093
518.893
542.731
524.06
515.669
509.285
503.763
502.886
497.593
493.317
474.767
474.927
470.508
468.483
458.935
447.769
445.175
439.189
438.893
429.195
423.383
424.284
411.749
414.757
