988.725
988.521
988.604
988.702
988.625
988.695
988.48
988.453
988.59
988.627
988.697
988.842
988.565
988.662
988.551
988.718
988.667
988.739
988.607
988.516
988.667
988.63
988.648
988.712
988.676
988.603
988.569
988.619
988.738
988.682
988.607
988.605
14.0828
14.3836
14.6198
13.817
14.0034
13.937
13.848
14.0524
14.302
14.1636
13.9722
13.9302
13.9888
14.5792
13.5724
14.0184
14.6372
14.1858
14.192
14.3904
13.5536
13.8448
14.4642
14.5622
14.4376
13.9548
13.944
13.9664
13.918
14.2172
14.3692
13.8402
