992.584
992.596
992.566
992.546
992.597
992.573
992.596
992.565
992.551
992.558
992.5
992.564
992.551
992.512
992.576
992.603
992.54
992.602
992.579
992.59
992.48
992.542
992.548
992.575
992.606
992.547
992.509
992.603
992.634
992.598
992.498
992.622
741.082
740.577
743.765
737.679
751.559
745.617
740.806
737.826
742.177
737.131
742.788
745.967
742.845
741.725
741.467
751.368
760.641
748.333
745.774
737.291
736.869
748.131
736.644
745.545
746.806
744.889
751.717
744.673
747.788
739.574
749.696
742.948
