988.579
988.717
988.561
988.622
988.698
988.578
988.64
988.545
988.75
988.71
988.591
988.68
988.665
988.606
988.539
988.671
988.705
988.562
988.73
988.588
988.621
988.665
988.622
988.726
988.537
988.641
988.528
988.519
988.739
988.672
988.603
988.675
14.3812
14.1618
14.09
13.6164
13.7468
14.2834
14.0928
14.1182
14.1414
14.0642
14.3642
14.154
13.7952
13.6862
14.2114
14.1214
14.0502
14.4406
14.0652
13.7526
14.0308
14.0424
14.0074
13.9252
14.0582
14.4002
14.2402
14.2172
14.2326
14.3226
14.029
14.7578
