992.58
992.552
992.532
992.537
992.593
992.532
992.499
992.583
992.505
992.615
992.571
992.529
992.556
992.626
992.546
992.633
992.607
992.5
992.499
992.493
992.56
992.558
992.519
992.595
992.606
992.554
992.588
992.519
992.523
992.588
992.57
992.636
749.492
734.642
752.139
742.835
745.65
744.172
744.905
744.189
739.878
747.422
738.517
737.291
741.72
742.84
744.04
734.737
745.386
743.007
742.803
748.373
741.688
743.111
737.664
747.771
731.928
737.845
736.079
745.036
742.908
739.441
747.216
740.914
