992.572
992.49
992.52
992.507
992.613
992.547
992.573
992.569
992.471
992.608
992.519
992.498
992.477
992.596
992.716
992.603
992.523
992.507
992.519
992.543
992.565
992.586
992.437
992.524
992.583
992.552
992.586
992.581
992.544
992.603
992.472
992.592
741.516
745.448
736.444
744.367
746.577
754.082
746.207
738.863
736.74
752.455
743.401
746.05
743.46
745.264
738.871
743.092
741.271
737.885
741.462
742.831
746.051
736.963
740.748
744.58
741.521
743.517
746.4
741.072
747.511
740.394
734.613
742.175
