988.658
988.606
988.584
988.557
988.666
988.605
988.609
988.586
988.674
988.519
988.576
988.662
988.549
988.66
988.648
988.699
988.539
988.6
988.559
988.667
988.609
988.493
988.666
988.603
988.644
988.665
988.589
988.706
988.648
988.622
988.681
988.722
13.8424
14.5388
14.0278
14.4706
14.0404
13.7426
13.7498
14.4484
14.1512
14.1772
14.4206
14.2288
13.8094
13.8686
13.9118
14.2548
14.4484
14.1432
14.2526
13.6816
14.096
14.2156
13.9886
14.0808
14.2054
14.2406
13.608
13.6538
14.1796
13.9614
13.9898
14.18
