988.644
988.567
988.645
988.666
988.699
988.667
988.704
988.613
988.608
988.818
988.702
988.731
988.596
988.634
988.547
988.637
988.65
988.54
988.596
988.561
988.68
988.712
988.593
988.71
988.733
988.68
988.676
988.646
988.693
988.757
988.682
988.657
14.065
14.4174
14.0234
14.0148
13.9438
14.0126
14.6032
13.8664
14.2786
14.0284
13.7592
14.047
14.2754
14.1354
13.92
13.996
14.1358
13.8906
14.0314
14.1316
14.0732
14.338
14.1718
13.7822
13.6944
14.2072
14.0938
14.0228
14.4634
14.1162
13.7286
14.067
