988.641
988.508
988.765
988.521
988.597
988.521
988.707
988.619
988.559
988.75
988.643
988.587
988.663
988.766
988.721
988.574
988.656
988.672
988.675
988.575
988.622
988.721
988.718
988.657
988.629
988.748
988.633
988.666
988.574
988.622
988.621
988.668
14.1054
13.7222
14.061
13.8524
13.7376
14.1332
13.9314
14.0816
13.732
14.4584
14.2208
14.0934
14.3832
14.2682
14.0504
14.431
14.534
13.6744
14.1224
14.008
14.3714
14.3888
14.252
13.8072
14.0004
14.0248
13.6996
14.3814
14.2024
14.0172
13.9908
13.9498
