992.561
992.573
992.551
992.478
992.598
992.508
992.645
992.605
992.63
992.55
992.604
992.541
992.522
992.569
992.547
992.601
992.553
992.495
992.599
992.519
992.564
992.669
992.544
992.511
992.599
992.522
992.585
992.627
992.548
992.55
992.617
992.597
736.186
740.913
736.666
740.889
744.305
746.055
749.084
743.548
741.492
741.893
743.934
745.586
737.327
731.068
744.056
743.333
738.389
743.997
746.944
745.103
740.859
745.72
736.605
748.412
729.959
746.38
748.44
743.158
731.84
748.063
749.444
744.671
