992.566
992.55
992.513
992.6
992.52
992.546
992.601
992.55
992.471
992.625
992.541
992.588
992.511
992.568
992.554
992.54
992.587
992.512
992.536
992.57
992.637
992.559
992.545
992.615
992.602
992.549
992.609
992.541
992.581
992.53
992.498
992.565
731.742
746.46
745.692
748.757
735.197
737.714
747.246
739.474
748.475
738.383
742.67
749.913
740.338
742.01
741.969
738.937
738.119
749.483
739.513
740.889
746.351
741.73
762.224
753.662
745.753
740.228
736.911
741.952
743.324
739.425
748.856
742.316
