988.677
988.698
988.679
988.633
988.608
988.644
988.674
988.593
988.646
988.682
988.548
988.785
988.612
988.585
988.643
988.639
988.639
988.661
988.651
988.657
988.507
988.732
988.698
988.706
988.652
988.599
988.648
988.663
988.81
988.626
988.633
988.662
14.3688
14.2914
14.1728
14.6134
14.198
14.3084
14.248
14.0148
14.1388
13.8488
14.1778
13.72
14.3142
14.4564
14.0624
14.0338
14.1428
13.8278
13.7384
14.4388
14.1378
13.9652
14.0578
13.9842
13.984
14.0382
14.1236
14.0544
14.2524
14.159
13.624
13.9748
