999.629
999.63
999.626
999.629
999.626
999.629
999.627
999.634
999.626
999.627
999.624
999.63
999.627
999.628
999.631
999.628
999.625
999.628
999.626
999.632
999.623
999.627
999.628
999.63
999.63
999.63
999.626
999.63
999.624
999.63
999.629
999.632
985.503
985.783
985.205
984.97
984.622
985.667
985.019
985.804
985.465
984.988
985.6
986.218
985.323
985.263
985.755
985.649
984.491
984.438
985.794
985.172
985.89
985.274
985.502
985.442
986.007
984.787
986.183
985.973
984.926
985.474
985.172
985.473
