999.429
999.431
999.432
999.43
999.433
999.435
999.428
999.439
999.435
999.434
999.431
999.437
999.434
999.43
999.433
999.435
999.427
999.431
999.43
999.428
999.434
999.431
999.434
999.432
999.426
999.432
999.434
999.426
999.432
999.43
999.433
999.427
2.95582
2.6235
2.73116
2.7792
2.78237
2.53764
2.32551
2.73032
2.69063
2.50275
3.06082
2.59976
2.72846
2.62221
2.37025
2.56568
2.69166
2.73807
2.88416
2.52921
2.97436
2.50007
2.318
2.49531
2.81305
2.80549
2.52339
2.74202
2.98418
2.54457
2.40768
2.45079
