999.428
999.435
999.433
999.434
999.429
999.43
999.428
999.439
999.431
999.431
999.426
999.424
999.43
999.436
999.434
999.434
999.431
999.432
999.432
999.436
999.434
999.428
999.432
999.433
999.43
999.435
999.433
999.434
999.437
999.427
999.434
999.435
2.48666
3.0922
2.52417
2.77441
2.54595
2.27942
2.8721
2.36863
2.53942
2.44979
2.86943
2.6851
2.93081
2.45936
2.64233
2.72673
2.85678
2.39186
2.50661
2.69514
2.57291
2.53698
2.59862
2.70348
2.58274
3.0752
2.44683
2.87705
2.58165
2.40391
2.45601
2.83261
