999.436
999.433
999.435
999.433
999.438
999.43
999.428
999.431
999.433
999.432
999.43
999.435
999.436
999.434
999.431
999.436
999.437
999.431
999.435
999.433
999.428
999.431
999.431
999.432
999.428
999.431
999.433
999.434
999.427
999.431
999.435
999.429
2.48138
2.67312
2.80383
2.68398
2.50145
2.65777
2.51015
2.79646
2.54551
2.79591
2.48569
2.5234
2.5493
2.81597
2.31933
2.54214
2.62735
2.81969
2.89307
2.48909
2.48999
2.9357
2.59522
2.77143
2.48477
2.63048
2.437
2.64768
2.42036
2.84236
2.62783
2.61784
