996.31
996.3
996.29
996.244
996.272
996.305
996.295
996.267
996.302
996.253
996.282
996.297
996.307
996.308
996.3
996.258
996.282
996.288
996.306
996.328
996.278
996.288
996.266
996.249
996.291
996.288
996.289
996.267
996.294
996.276
996.278
996.279
858.49
853.67
851.591
852.91
851.275
850.298
856.122
863.001
862.948
854.289
855.095
860.636
857.414
861.657
859.014
858.472
857.527
854.063
856.466
853.947
854.096
854.713
858.618
854.242
854.518
855.663
858.378
858.284
844.724
859.564
855.442
850.601
