996.259
996.306
996.307
996.239
996.281
996.263
996.306
996.32
996.28
996.271
996.288
996.293
996.293
996.281
996.3
996.264
996.283
996.301
996.316
996.306
996.298
996.267
996.278
996.264
996.285
996.273
996.294
996.227
996.294
996.264
996.284
996.305
853.065
858.133
855.733
855.263
859.151
850.314
854.443
852.748
850.055
860.886
861.355
857.461
853.166
858.14
851.108
854.787
855.976
850.429
853.65
862.611
857.269
855.659
848.35
858.742
852.772
856.705
856.573
854.806
853.798
859.368
851.553
856.904
