996.246
996.287
996.295
996.238
996.294
996.279
996.283
996.271
996.277
996.251
996.263
996.281
996.245
996.287
996.324
996.323
996.323
996.246
996.305
996.274
996.309
996.269
996.274
996.298
996.243
996.253
996.302
996.257
996.27
996.264
996.322
996.299
854.41
854.909
851.758
853.818
854.203
855.572
847.142
853.727
849.64
858.072
850.854
849.404
861.326
859.087
856.824
852.147
857.377
854.389
851.867
858.106
857.421
858.756
851.543
850.295
856.089
854.42
858.441
862.227
857.314
853.682
856.906
845.795
