996.287
996.278
996.296
996.306
996.32
996.269
996.327
996.29
996.276
996.271
996.26
996.287
996.294
996.279
996.297
996.264
996.266
996.252
996.253
996.286
996.306
996.273
996.272
996.266
996.271
996.293
996.264
996.308
996.248
996.288
996.261
996.227
854.327
850.836
849.995
857.203
851.415
848.075
860.225
859.659
857.815
853.01
856.883
855.5
848.334
859.72
857.623
860.415
850.243
851.204
856.457
854.673
860.64
860.18
856.592
856.395
853.856
845.131
850.3
853.326
852.691
860.604
854.532
856.124
