962.493
962.911
962.908
962.284
962.898
962.919
962.889
962.76
962.823
962.713
962.986
963.189
962.488
962.686
962.723
962.907
963.346
962.869
962.767
963.161
962.716
962.904
962.294
962.823
962.806
962.923
962.57
962.975
962.899
963.04
962.928
962.585
501.612
501.559
503.326
502.244
504.494
502.207
501.879
501.311
500.954
502.618
505.272
504.338
499.075
504.762
500.529
499.961
497.44
500.507
504.927
501.235
502.599
500.293
504.613
500.256
503.875
502.279
500.874
507.056
500.779
499.889
505.401
502.109
