962.64
962.755
962.57
962.785
963.277
963.012
962.523
962.819
963.072
962.545
962.947
962.843
963.053
962.673
962.64
962.706
962.77
962.866
962.573
962.533
962.983
962.892
962.996
962.757
962.436
963.071
962.783
962.472
962.686
962.302
962.653
962.571
501.129
501.385
502.133
501.242
498.525
503.362
507.534
498.947
503.19
506.567
498.471
508.81
505.967
504.363
502.633
503.686
502.761
503.646
501.411
504.492
499.2
507.568
501.504
503.397
500.644
500.553
502.744
504.404
495.94
501.928
498.401
506.387
