963.064
962.643
962.864
962.54
963.103
962.706
962.77
963.034
962.561
962.957
963.138
962.959
963.07
962.71
963.103
962.801
963.08
962.834
962.711
962.651
963.003
963.058
962.89
963.139
962.76
962.519
963.031
963.157
962.533
963.231
962.855
962.593
499.304
507.975
498.735
508.268
499.091
502.704
502.201
501.644
500.825
498.97
501.573
503.05
502.558
500.164
504.344
500.613
504.345
500.689
500.04
498.496
504.292
497.345
498.539
506.256
501.392
505.338
503.651
502.728
498.87
503.272
504.211
501.288
