962.754
962.622
962.959
962.179
963.018
962.883
963.122
962.636
962.997
962.827
962.655
962.886
962.59
962.719
962.923
962.805
963.02
962.725
962.645
962.799
962.864
962.756
962.391
962.911
962.841
962.904
962.765
962.967
962.913
962.723
962.948
962.632
503.656
506.62
503.833
501.833
500.935
502.326
498.135
507.76
501.701
501.768
501.583
502.156
500.939
505.766
502.015
501.884
503.242
501.108
508.089
501.611
500.078
503.088
503.998
503.828
504.899
500.716
501.96
503.704
503.13
506.414
510.844
504.411
