962.947
962.587
962.442
962.492
962.669
962.619
963.085
962.789
962.8
962.603
962.511
962.332
962.873
962.528
963.055
962.865
962.73
962.783
962.865
962.999
963.073
963.172
962.699
962.774
962.862
962.731
962.445
963.142
963.061
962.173
963.145
962.986
505.25
508.65
502.444
505.018
506.777
499.24
501.077
500.82
504.174
503.072
505.491
502.464
500.094
500.597
502.676
505.072
506.172
506.012
501.473
498.671
502.451
506.263
501.3
500.752
498.892
507.512
495.526
502.755
501.481
501.366
505.924
504.215
