962.547
963.014
962.694
962.781
962.71
962.978
962.78
962.71
962.833
962.475
962.81
962.954
962.88
962.765
963.012
962.873
962.755
963.176
962.543
962.667
963.016
962.631
962.85
962.817
962.688
962.706
962.808
962.791
962.749
962.662
963.227
962.542
499.442
505.364
498.07
497.009
506.615
507.004
501.551
506.594
503.545
504.975
509.861
506.634
501.415
502.261
501.269
499.669
500.687
499.539
500.152
503.593
503.134
501.475
503.477
498.955
507.777
503.906
501.466
501.695
507.731
503.631
504.713
503.944
