962.969
963.138
962.552
962.361
962.818
962.878
962.977
962.55
962.772
963.105
962.769
962.826
963.025
962.661
963.132
963.109
962.49
962.732
962.755
963.017
962.931
962.658
962.78
962.757
962.51
962.452
963.206
963.055
962.853
962.769
962.553
963.013
502.138
503.847
503.902
505.551
508.365
504.929
505.001
507.355
501.331
506.083
500.505
501.073
503.083
509.066
501.414
507.105
503.382
496.415
504.227
503.097
503.863
497.425
508.364
503.945
503.188
501.902
502.907
500.786
500.561
503.794
508.138
502.221
