962.48
962.634
962.618
963.113
962.853
962.867
963.372
962.697
962.897
962.524
962.413
963.321
962.993
962.745
963.032
962.816
962.667
963.036
962.945
962.384
963.041
962.822
962.88
962.616
962.643
962.569
962.644
962.862
963.281
962.936
962.814
962.593
503.141
503.927
501.47
503.685
498.878
501.582
505.6
506.182
503.428
499.968
506.611
501.414
500.024
498.035
500.994
501.527
505.175
511.206
500.723
504.136
501.183
496.158
507.009
503.883
502.097
498.548
505.362
502.923
498.719
501.142
500.777
504.078
