506.025
499.396
494.306
490.693
499.992
505.163
499.209
506.603
500.785
500.742
493.614
500.535
507.677
507.02
497.272
498.55
503.829
503.468
502.87
499.437
506.678
490.031
501.267
493.926
498.377
505.649
488.978
498.508
496.443
507.875
497.25
497.601
494.93
497.943
512.705
497.396
505.519
498.971
504.791
496.305
502.01
489.519
500.565
491.102
494.934
491.587
504.291
499.842
505.008
507.715
494.936
501.216
494.745
495.882
502.26
493.946
488.825
501.069
500.684
492.414
486.527
496.598
493.798
498.607
