495.6
502.291
495.995
497.516
506.001
499.705
496.54
497.467
497.534
504.76
496.645
503.27
489.569
494.334
496.321
495.32
492.514
504.764
500.175
504.521
498.613
509.755
497.962
504.208
506.142
509.525
495.85
507.188
503.324
506.574
498.741
489.319
491.482
492.395
504.17
503.156
499.795
503.815
507.195
499.452
493.601
496.427
501.153
499.518
504.384
503.215
490.413
508.922
499.672
493.594
504.505
504.741
510.183
507.053
510.882
499.072
504.836
495.293
509.285
495.335
495.568
499.489
506.025
497.566
