492.243
498.384
500.243
501.9
493.492
508.328
506.048
498.126
500.34
504.608
504.063
504.92
490.696
490.272
492.692
503.344
499.008
501.441
497.738
491.781
491.578
501.457
496.887
492.955
503.978
513.177
495.766
492.995
505.371
490.912
504.055
496.158
491.805
503.073
509.523
506.288
504.963
499.05
511.409
497.721
503.273
496.477
497.62
494.268
507.917
499.194
499.938
492.573
509.317
503.604
502.878
505.806
506.684
496.206
499.658
502.87
503.142
503.383
499.081
495.532
493.722
491.387
498.625
500.943
