505.448
505.147
491.344
513.727
501.131
504.921
501.169
498.53
498.763
502.665
497.923
496.116
493.312
496.569
502.092
506.314
497.277
493.242
505.907
498.965
506.217
506.381
495.043
503.028
499.511
492.828
500.752
500.94
502.532
498.552
494.621
498.549
497.492
494.376
499.725
504.592
497.345
505.72
493.587
490.562
504.313
496.478
493.569
497.115
496.095
500.715
499.659
505.457
500.222
495.133
499.583
511.496
494.519
495.443
493.993
484.9
501.659
505.157
506.203
499.591
501.697
499.715
496.177
495.878
