505.112
493.157
494.162
503.299
505.233
507.272
494.966
512.525
512.383
493.916
497.119
503.141
499.09
497.581
500.832
507.127
502.484
512.955
498.592
508.067
501.741
501.306
496.119
502.292
505.325
496.337
496.619
505.975
499.306
509.971
503.149
502.072
498.591
500.651
503.017
506.191
501.471
498.642
510.024
491.746
496.197
500.548
501.158
505.355
506.195
501.313
503.722
501.419
503.512
503.788
494.509
498.255
502.18
499.431
499.936
500.286
495.957
498.558
494.437
495.718
502.72
491.494
501.49
500.183
