501.149
493.432
494.151
505.554
503.002
501.357
499.092
495.844
507.784
493.74
501.928
494.731
504.228
499.583
496.898
505.75
504.618
491.604
502.9
508.426
498.231
492.115
505.144
499.526
498.051
498.603
494.13
507.384
496.556
499.329
506.866
500.389
506.463
495.304
502.157
503.823
501.426
501.366
494.998
505.417
506.923
488.042
502.93
501.559
497.912
503.204
502.106
485.438
498.029
507.541
500.002
501.767
510.323
499.684
497.851
486.566
498.22
494.064
495.842
500.225
495.828
502.422
495.872
491.578
