499.841
504.695
500.823
506.051
502.048
498.978
497.181
497.686
506.215
504.869
503.436
491.032
506.511
499.269
496.945
500.375
496.421
505.435
503.556
511.8
505.087
500.037
500.749
499.963
508.198
495.844
497.43
496.931
500.118
498.458
500.381
501.785
507.428
499.538
497.83
507.732
492.141
498.71
498.574
506.399
504.195
500.201
502.337
490.443
498.138
497.552
498.171
507.706
490.679
504.735
503.649
500.621
496.859
503.335
496.375
504.672
495.553
497.719
512.458
500.751
497.786
493.883
502.696
501
