490.308
497.604
492.586
494.645
504.116
507.484
494.616
502.694
498.262
502.936
502.595
509.613
498.481
491.537
500.829
495.255
514.349
497.381
503.613
504.807
491.908
498.162
496.798
514.24
495.089
507.955
494.788
501.597
505.665
497.627
509.062
500.973
498.284
502.268
508.062
501.809
500.147
497.801
511.093
489.518
497.449
490.056
499.207
492.586
500.119
501.753
499.108
496.791
505.648
498.081
507.345
495.559
507.691
497.573
496.883
506.059
495.517
500.077
501.031
503.601
488.373
506.709
502.14
502.591
