500.061
496.875
510.751
496.05
494.405
503.436
498.7
490.927
500.178
500.355
501.294
501.063
509.346
501.604
493.386
488.844
501.201
505.947
504.282
500.204
487.944
507.966
502.792
498.053
501.639
496.554
503.221
506.742
505.824
498.09
507.986
500.059
503.158
503.827
498.276
511.166
503.724
502.377
499.277
505.356
502.296
502.34
492.286
495.208
505.135
502.436
497.86
511.176
501.119
492.076
502.352
494.444
500.541
497.231
498.008
498.167
500.475
490.895
508.324
494.86
508.35
504.792
507.388
496.982
