504.768
503.881
504.193
494.431
510.963
499.924
500.018
495.014
504.527
508.988
499.935
497.718
505.618
489.093
503.98
496.033
490.649
497.23
496.705
491.68
500.732
487.892
493.991
503.265
490.625
495.871
501.13
497.936
508.071
495.874
494.662
496.693
491.66
496.919
500.738
491.414
492.537
509.143
495.67
507.651
497.834
493.543
495.039
505.504
495.124
492.974
498.028
495.097
500.852
495.063
498.202
503.903
496.735
509.656
507.798
499.415
502.83
494.093
506.812
502.526
520.015
508.988
498.093
491.936
