507.267
499.716
507.018
496.475
497.412
495.506
495.898
499.667
498.026
495.845
500.046
511.472
495.456
495.176
499.545
494.28
500.116
502.952
509.329
506.067
502.773
495.421
500.179
498.028
496.113
509.166
505.11
502.608
501.741
496.494
487.035
504.982
494.585
492.356
507.883
499.871
494.752
497.68
491.737
497.107
502.53
496.698
499.82
494.716
492.061
499.565
502.111
507.512
501.676
481.215
498.302
495.831
498.447
498.59
511.412
492.904
512.115
500.126
510.234
502.332
500.195
501.893
498.598
497.606
