502.672
508.031
499.145
499.386
501.748
501.145
501.881
500.934
496.118
492.618
500.037
499.946
493.613
504.205
496.326
492.132
490.72
504.226
501.662
499.506
501.978
500.911
491.018
493.943
502.66
511.695
506.756
491.615
505.487
505.12
501.109
497.421
501.142
496.891
494.155
505.58
496.325
493.162
500.88
496.167
500.036
498.364
494.298
498.146
497.75
498.131
488.899
503.766
495.897
500.006
506.69
503.28
508.802
509.38
502.549
499.659
499.783
493.561
508.135
503.965
499.45
498.248
501.873
494.639
