516.785
507.263
500.154
500.734
493.132
504.009
489.927
495.878
492.388
512.175
498.565
498.731
490.787
499.665
495.657
502.368
502.302
495.391
495.212
499.926
509.572
500.213
490.827
493.084
506.052
501.255
496.242
498.869
497.83
495.597
494.079
504.569
511.305
499.899
502.521
509.607
491.682
501.275
500.086
492.176
505.041
495.142
514.991
504.122
496.994
485.902
505.735
490.951
513.06
501.831
493.393
488.945
512.315
503.242
500.311
500.035
503.636
500.239
501.466
496.918
497.141
504.428
494.876
514.525
