498.254
509.29
490.349
498.017
496.989
487.619
497.087
494.923
504.575
493.075
489.619
496.063
498.762
501.478
499.898
502.83
493.255
501.673
493.463
496.739
498.798
488.799
505.861
485.909
504.441
501.306
500.615
496.367
493.806
501.289
503.551
490.591
502.13
497.255
492.098
508.243
485.54
495.758
502.999
497.984
496.777
493.96
503.18
491.62
499.079
498.587
509.046
487.123
507.703
497.461
500.268
504.331
496.148
502.351
496.608
501.584
498.31
494.19
498.569
507.328
502.683
499.324
495.226
496.266
