503.927
501.838
501.815
500.782
503.517
510.194
495.971
496.978
493.774
506.798
498.179
504.355
495.419
500.255
503.073
500.117
509.283
500.949
504.9
494.812
500.536
501.27
504.82
503.712
504.727
492.352
506.664
493.832
492.196
498.8
499.312
499.38
494.199
496.102
503.711
491.539
494.595
507.579
506.73
489.527
508.914
499.819
501.313
497.218
498.926
506.924
501.398
511.697
508.361
493.922
497.503
506.468
506.273
503.637
502.284
505.396
511.916
504.452
499.916
494.276
503.122
498.514
493.578
490.538
