500.209
508.893
502.63
498.816
501.345
506.007
506.87
503.228
502.064
504.573
495.702
496.486
499.334
499.256
502.588
504.647
508.821
501.705
494.399
510.94
490.489
505.278
497.567
496.877
499.377
505.427
496.99
494.955
505.814
503.805
501.656
495.636
498.747
508.093
491.618
490.671
497.521
494.422
500.294
493.161
506.567
499.642
504.481
502.058
495.294
494.72
507.839
498.674
505.141
498.641
499.608
502.421
509.65
501.993
499.73
509.571
506.06
494.728
502.978
503.747
508.359
510.39
507.222
505.414
