495.794
500.989
493.713
492.395
496.696
507.044
502.699
506.747
490.773
494.702
499.399
505.548
498.499
506.67
503.606
489.548
502.519
505.216
487.123
495.195
498.48
500.744
498.941
506.286
491.63
494.608
506.686
504.926
493.775
501.874
500.202
509.866
498.241
492.938
495.864
499.644
502.751
492.442
491.303
497.422
497.575
494.39
494.308
489.172
493.436
500.697
498.973
503.468
506.333
511.085
495.109
494.441
498.664
507.248
497.738
505.812
499.444
505.716
497.142
499.49
498.18
499.409
501.734
493.667
