510.331
499.254
499.115
501.778
498.923
495.047
499.217
506.049
491.971
500.124
508.254
499.167
494.018
496.182
502.014
494.565
497.26
506.345
498.625
502.085
496.088
497.568
496.305
499.3
494.397
491.286
502.137
511.481
499.939
493.274
504.879
494.269
513.957
505.025
509.485
497.727
501.457
502.929
503.442
498.865
502.108
500.295
497.84
506.004
491.761
499.172
498.444
494.225
497.602
500.927
497.187
499.645
484.254
505.093
497.466
507.345
499.721
506.478
497.235
497.923
501.404
498.823
498.404
498.018
