495.14
503.349
488.125
494.645
496.952
506.472
507.39
493.258
514.002
505.968
504.278
509.086
501.571
497.977
498.421
504.768
496.938
500.101
507.465
492.941
506.618
501.813
494.723
503.753
502.823
498.503
498.431
496.33
500.281
499.678
491.62
500.391
499.005
509.403
494.888
496.799
496.897
499.728
496.252
499.207
500.708
504.925
518.326
495.675
495.385
497.205
501.755
496.135
494.727
502.451
489.666
493.312
497.024
499.153
499.72
491.516
492.9
504.061
502.832
505.026
502.494
511.13
502.044
505.217
