497.977
505.737
504.492
499.892
506.199
503.719
502.379
498.129
510.637
507.045
500.125
500.721
504.672
511.179
498.64
501.786
503.788
501.876
503.329
493.19
490.326
489.78
504.283
500.133
498.264
512.78
507.802
502.963
502.706
500.582
510.52
496.789
501.769
501.856
506.058
493.311
499.235
508.643
506.699
504.572
507.491
500.261
500.806
497.987
503.998
504.04
498.79
499.158
508.045
492.011
501.484
499.05
501.651
504.351
490.164
496.508
494.857
499.883
498.888
504.01
502.327
500.008
503.599
495.646
