504.456
506.344
498.048
508.81
498.292
500.848
497.617
504.221
505.634
506.187
506.776
494.423
497.781
507.422
507.959
500.449
504.404
500.011
501.253
507.814
512.351
506.309
503.306
500.681
496.791
497.662
499.107
505.916
501.133
492.216
502.295
496.947
496.768
500.997
504.125
495.884
507.919
494.945
498.787
497.621
498.209
505.656
502.183
498.135
506.119
495.656
497.717
497.746
487.005
506.122
506.952
500.339
494.165
503.08
503.339
495.314
500.52
504.976
494.725
501.739
499.342
501.566
502.578
509.002
