496.901
498.714
500.311
503.679
490.777
508.549
496.515
494.692
487.69
490.922
502.655
498.524
507.096
498.759
502.135
498.538
499.84
497.352
498.359
499.657
506.189
500.169
500.266
508.79
505.153
497.04
500.745
504.705
486.207
501.654
500.384
509.502
499.595
496.849
497.15
508.434
498.044
501.654
489.423
502.288
504.998
498.282
503.594
502.655
504.049
496.261
498.021
497.282
495.404
504.642
499.905
504.164
505.059
494.473
498.443
506.904
504.166
515.553
496.731
493.242
495.805
495.948
502.587
495.576
