503.286
499.875
503.339
500.913
489.035
496.398
493.403
503.313
501.905
498.134
507.024
506.009
496.245
501.184
507.382
498.012
503.842
494.507
505.348
501.834
512.11
489.164
501.176
502.559
497.797
496.004
486.735
496.004
498.692
510.426
497.271
494.824
499.873
501.917
499.649
492.872
508.843
502.161
491.99
499.812
504.644
498.032
499.799
500.053
500.397
498.381
495.806
499.89
504.519
506.628
499.825
499.391
503.105
502.61
502.247
497.457
500.94
503.645
492.105
504.834
498.399
503.025
511.426
491.845
