502.062
497.344
506.022
493.548
496.867
502.144
492.115
491.704
503.313
496.955
497.956
497.171
496.404
499.273
491.281
503.893
490.243
494.475
499.531
496.99
501.356
509.44
496.927
501.018
502.687
495.237
497.709
499.459
506.213
484.775
500.248
496.777
494.176
501.484
502.285
497.265
498.681
509.29
504.522
498.34
505.392
497.752
505.373
518.42
502.236
497.877
490.302
494.461
499.114
499.4
493.24
489.742
506.866
499.574
486.793
506.979
514.126
495.859
503.082
500.794
490.96
491.611
496.477
506.035
