502.755
498.258
489.131
502.806
501.512
494.828
496.447
503.831
498.464
496.162
497.854
508.89
492.438
499.372
491.791
508.36
491.977
502.575
503.223
496.839
487.748
503.191
512.09
504.579
493.693
498.533
505.342
500.726
503.702
496.781
488.601
501.909
510.338
493.178
502.951
501.974
500.644
492.718
498.312
497.444
502.184
503.877
498.701
498.684
497.533
499.507
502.434
502.751
493.094
500.217
495.007
487.644
499.25
507.378
496.523
509.59
505.238
505.563
499.226
501.298
499.371
499.553
495.768
495.184
