502.875
505.822
504.236
495.709
496.931
499.806
495.495
494.709
501.241
497.373
495.651
497.511
506.438
493.678
502.973
508.149
503.283
494.701
500.759
503.871
493.701
506.526
502.582
502.606
500.697
499.616
488.573
500.839
509.385
497.142
493.821
500.152
488.443
502.139
489.516
498.606
497.372
491.352
506.983
499.901
500.535
501.334
500.318
497.176
492.727
504.323
500.847
494.994
500.805
501.556
502.773
497.512
506.46
504.166
501.964
498.38
496.33
499.884
496.72
492.704
495.819
501.651
502.257
504.087
