517.036
503.064
497.037
495.192
513.278
507.835
506.528
503.036
500.287
502.185
499.008
486.376
498.846
506.839
496.523
505.202
496.232
494.355
508.549
492.763
503.633
497.225
502.534
500.607
495.449
497.353
503.763
497.36
506.457
499.097
509.727
501.289
489.931
500.897
500.451
504.999
499.092
491.011
493.643
493.346
510.929
504.402
496.657
501.743
498.78
508.757
493.168
507.971
489.113
504.207
502.122
506.738
500.196
502.526
487.698
498.878
490.72
500.045
496.37
496.531
495.135
506.106
512.59
501.691
