506.265
506.011
499.709
493.235
501.99
510.519
499.277
498.281
495.744
498.132
493.188
499.035
505.05
495.759
509.21
496.857
499.721
502.269
501.715
503.891
493.721
492.885
502.897
503.793
505.265
501.865
499.018
499.788
498.369
500.88
506.42
501.837
500.709
505.346
498.944
495.753
502.982
498.657
506.606
511.643
505.199
504.858
506.314
501.102
506.281
498.485
498.041
501.009
495.114
497.634
504.122
503.115
503.129
501.07
504.45
509.568
495.796
494.843
508.705
488.959
503.043
498.977
505.761
513.464
