504.912
500.565
500.929
486.757
497.204
494.464
506.429
502.138
505.03
493.745
500.471
495.559
509.587
491.268
503.974
505.681
500.947
497.06
503.886
504.801
504.725
500.52
495.365
500.825
501.037
496.816
499.819
497.575
504.437
488.358
507.717
509.596
498.035
507.242
494.537
495.967
497.568
494.373
490.046
492.191
496.438
494.527
492.086
501.837
508.614
494.547
499.757
502.705
506.974
506.266
495.962
497.799
501.191
489.248
510.938
502.939
500.306
499.674
497.681
502.03
498.154
498.736
504.192
503.117
