498.079
493.888
497.447
491.204
504.154
500.221
490.396
497.143
501.092
499.176
498.504
510.084
497.843
513.932
505.412
510.707
495.629
501.032
504.197
489.95
510.738
502.573
494.105
506.947
499.243
494.209
501.983
500.611
496.452
502.337
497.942
502.714
502.722
506.431
496.135
498.119
503.196
492.927
500.911
508.2
498.964
500.566
493.317
497.561
508.765
509.049
501.743
501.177
502.894
503.032
500.911
499.953
490.425
501.561
499.342
505.485
505.462
503.366
500.592
502.526
499.528
492.52
502.438
497.977
