500.133
499.219
494.642
512.404
487.73
498.968
504.608
491.778
500.815
496.885
500.063
498.427
497.914
497.488
501.739
500.389
507.904
501.812
500.974
497.558
499.924
497.913
486.839
504.613
503.801
504.091
499.745
498.795
496.74
500.554
500.974
509.004
497.375
500.749
496.169
491.666
504.825
503.332
507.666
505.4
490.805
510.591
496.724
498.52
500.718
502.541
496.824
506.561
507.065
507.017
509.458
497.849
502.979
500.751
495.806
497.916
500.598
502.239
502.031
506.454
500.274
500.748
511.987
506.898
