506.781
497.619
497.321
512.247
508.784
503.815
497.521
490.683
506.033
499.867
492.008
504.779
503.505
505.691
492.91
493.137
502.179
510.573
505.287
499.693
490.12
500.172
495.824
487.35
498.488
501.52
494.731
502.642
496.897
500.819
496.114
502.465
504.61
498.352
498.599
494.033
505.443
506.951
502.728
498.098
505.787
501.768
507.154
513.004
497.412
489.265
512.259
499.303
507.929
503.454
502.814
502.306
501.697
503.295
508.076
498.086
500.088
500.013
504.682
499.07
494.264
501.691
502.683
497.361
