494.485
494.476
504.473
502.98
491.816
498.55
506.07
506.623
506.321
503.867
486.796
495.133
492.871
498.313
507.198
495.523
501.43
492.912
493.648
502.951
499.732
504.249
487.843
492.388
504.649
493.801
503.785
497.439
508.837
503.993
501.246
506.555
496.28
499.461
493.836
498.962
495.977
489.398
503.736
495.164
499.104
499.259
503.463
490.796
504.314
486.899
489.807
502.701
510.329
505.475
493.961
497.247
501.184
491.179
497.127
496.287
498.919
488.838
494.269
502.736
511.581
502.807
504.132
501.637
