514.131
503.129
495.388
501.036
502.053
490.326
511.156
490.079
496.804
500.192
497.994
491.086
500.318
499.563
504.079
498.752
501.577
504.644
501.541
500.51
496.529
506.015
494.479
497.943
493.495
502.098
506.648
497.466
501.385
501.619
493.383
501.899
506.392
496.71
507.945
508.21
508.122
497.581
491.596
504.679
508.478
503.749
503.104
494.002
494.65
501.93
503.874
492.936
497.842
495.706
503.891
498.044
502.677
502.892
509.193
504.423
500.3
501.832
491.31
503.358
496.018
499.34
493.341
491.138
