498.399
488.987
492.322
501.497
495.258
496.126
503.956
489.462
501.231
500.563
508.989
498.332
497.819
507.821
499.899
500.78
503.84
503.659
494.769
498.901
501.379
502.522
501.984
492.124
496.184
511.919
506.116
496.311
495.952
488.252
498.674
502.763
497.469
498.14
498.319
495.212
495.985
493.182
500.507
500.654
499.612
499.312
497.935
501.263
493.004
502.894
491.482
510.332
503.411
504.919
506.914
495.189
498.685
501.834
494.886
502.429
490.755
503.183
499.466
496.253
505.012
500.607
496.526
506.453
