505.198
490.065
502.976
497.402
503.695
507.921
496.643
498.974
499.032
496.882
490.093
487.836
498.4
504.397
488.602
496.587
495.009
496.855
492.317
489.77
506.079
516.005
506.51
499.887
499.325
499.191
495.833
496.315
495.787
501.837
500.718
496.752
502.937
489.499
500.014
503.132
495.813
506.918
504.644
492.889
500.102
495.207
505.161
503.348
507.756
500.335
493.813
496.854
492.754
497.356
503.216
509.115
495.355
499.305
491.653
494.245
503.501
497.23
500.349
511.15
503.441
500.219
502.183
503.901
