497.384
512.662
495.911
494.009
499.788
487.372
500.955
502.556
484.04
511.059
506.644
498.095
501.92
501.144
504.512
508.283
491.841
501.46
502.315
497.899
503.643
496.622
503.245
507.743
498.614
495.262
495.382
491.671
497.734
505.236
503.038
493.265
493.944
500.19
504.16
506.746
499.616
499.724
502.45
500.942
508.813
492.078
494.755
509.841
501.509
496.875
502.362
494.863
498.263
510.334
497.146
491.412
502.915
504.95
502.439
496.278
499.985
491.576
499.191
507.577
500.584
492.053
490.744
504.725
