497.815
506.801
498.536
503.559
502.254
505.457
494.733
502.556
494.384
499.168
511.51
497.014
491.181
499.71
504.088
495.517
503.598
492.515
498.159
497.694
503.871
502.571
497.653
499.225
496.887
499.051
497.131
495.093
495.053
501.99
493.416
499.659
506.869
506.64
506.84
501.383
496.58
506.902
492.911
497.149
495.982
502.091
496.042
493.586
501.524
499.271
495.321
508.646
495.402
499.813
506.446
505.823
502.552
489.951
501.062
505.844
509.057
502.741
505.56
501.328
499.185
500.239
501.517
493.274
