500.219
503.619
500.558
499.553
508.188
490.91
504.997
503.028
495.172
492.957
504.626
498.037
498.329
492.419
502.418
503.751
495.981
487.561
509.59
503.025
502.477
503.285
499.564
489.96
495.365
505.48
505.63
498.318
497.445
497.256
503.548
493.91
515.702
500.971
513.145
493.875
503.168
498.518
495.16
500.587
506.277
506.259
494.814
495.433
500.413
502.385
516.714
502.281
503.146
497.99
495.047
500.572
504.311
501.418
492.888
510.511
501.438
497.675
505.041
503.575
494.223
499.76
497.239
503.569
