508.124
508.395
495
503.001
501.004
499.155
496.686
498.666
494.453
496.218
485.329
506.616
495.971
499.774
508.711
502.337
495.211
503.191
496.679
508.935
493.611
504.093
508.763
501.254
508.259
506.416
501.642
498.115
510.22
503.985
490.151
494.617
504.896
494.556
501.161
505.945
502.898
495.179
490.485
503.92
498.172
500.336
503.635
502.943
500.28
502.915
497.737
503.267
509.693
499.716
497.416
510.425
502.637
505.647
497.052
496.037
496.508
495.142
497.565
490.381
499.736
493.576
502.709
491.633
