503.002
499.041
495.746
498.971
508.675
504.365
498.832
509.41
500.682
497.41
498.27
493.341
495.429
483.918
500.84
497.033
500.9
496.951
501.505
504.195
512.171
500.44
492.491
497.229
492.473
503.104
501.902
500.909
504.532
494.962
494.567
502.197
505.89
496.981
504.625
513.802
508.922
486.9
502.833
495.873
495.074
505.517
501.406
498.944
511.425
502.736
508.608
498.906
505.512
504.357
498.56
503.354
496.846
498.358
500.637
502.734
502.852
509.986
495.296
494.333
486.709
501.202
494.971
507.012
