497.782
492.273
495.075
501.074
499.451
493.015
512.075
498.464
503.803
504.928
500.619
507.1
496.838
503.947
491.859
493.926
503.598
502.032
502.458
505.453
497.707
501.545
497.978
503.873
503.195
507.716
491.547
494.522
497.633
501.425
498.927
501.764
499.122
503.213
507.081
503.691
501.533
497.41
513.518
495.308
503.041
511.728
502.472
498.226
487.931
499.159
496.394
496.511
495.911
499.762
503.08
494.085
499.952
493.512
505.832
498.325
490.573
489.236
491.724
516.406
508.278
496.675
492.58
501.061
