492.556
496.919
498.991
505.04
503.002
489.902
501.518
498.023
492.612
496.256
503.272
503.924
500.625
496.595
495.949
497.286
493.726
493.441
495.646
510.415
511.669
503.987
496.339
497.725
488.606
495.444
504.085
492.991
493.442
492.678
505.881
506.897
500.541
493.255
505.91
512.078
491.836
491.403
496.958
503.058
496.646
501.372
498.756
495.049
490.29
493.303
500.891
497.671
496.141
492.366
502.762
495.648
494.783
505.213
492.237
499.446
506.302
498.151
490.842
503.791
496.644
494.988
506.628
496.469
