504.739
495.351
484.636
492.591
506.058
506.997
504.365
501.501
502.836
497.513
501.038
501.418
508.993
503.239
499.702
494.745
491.537
496.034
498.044
494.603
503.911
502.026
496.737
491.594
500.216
492.147
508.809
503.802
506.409
494.503
502.104
500.72
491.975
498.434
500.127
502.399
496.704
509.075
503.613
497.792
497.062
501.726
489.952
499.064
505.327
499.978
500.836
510.082
496.245
492.638
509.137
506.153
495.61
502.156
510.989
499.012
501.639
504.261
502.145
502.984
508.683
502.413
504.382
500.159
