493.281
501.274
502.338
508.56
507.612
501.28
501.113
501.045
504.802
509.639
498.444
508.092
505.601
510.992
491.654
504.56
503.286
499.024
494.275
498.157
496.72
503.852
501.452
494.799
494.907
493.124
495.179
502.389
495.18
502.128
492.47
506.634
506.014
509.608
493.07
513.064
493.239
491.697
493.594
492.432
501.682
498.688
502.324
487.651
500.55
499.47
498.715
508.828
507.517
503.057
493.644
508.236
507.621
505.294
506.268
487.151
504.792
496.453
501.178
498.159
491.309
496.561
510.957
499.673
