506.436
492.177
492.884
497.266
500.785
499.238
498.578
501.11
509.424
509.347
499.528
494.186
505.095
502.416
505.865
506.662
510.924
498.831
495.747
505.09
497.592
501.859
494.513
499.413
500.997
499.891
498.009
505.791
498.056
510.87
498.537
496.546
500.93
508.474
501.694
496.486
512.664
497.171
498.458
494.341
510.71
506.35
498.995
493.106
496.667
512.43
492.122
501.435
507.576
496.049
490.551
499.449
505.705
493.017
496.717
497.499
511.732
496.95
496.71
495.106
498.725
505.1
498.595
496.497
