495.967
495.948
500.432
496.959
504.647
497.417
492.257
502.524
499.578
496.106
496.8
499.147
500.207
503.012
492.285
490.397
501.809
502.177
498.783
496.641
504.685
500.733
502.449
503.83
498.918
498.277
506.853
493.453
501.512
497.696
510.981
496.236
503.911
486.484
496.519
503.864
504.272
497.002
495.111
494.321
504.484
500.375
501.034
501.847
495.208
506.258
499.277
503.624
495.651
503.779
494.478
492.761
506.925
501.605
512.632
492.717
498.085
510.327
502.345
508.486
499.031
509.245
500.209
504.289
