496.658
494.856
493.481
498.802
497.42
503.481
497.98
496.723
509.968
503.973
495.627
495.675
497.204
500.704
505.74
499.877
498.224
504.259
505.879
506.102
494.635
496.42
504.716
507.106
508.961
502.23
501.581
499.238
494.643
499.408
508.554
488.644
499.624
496.128
495.021
500.471
496.688
497.158
507.4
502.591
506.733
509.592
510.445
498.39
498.979
500.425
483.106
503.175
502.855
497.064
505.452
504.387
499.425
509.915
506.584
500.026
491.069
497.79
493.839
502.881
505.09
502.304
497.655
500.419
