508.76
504.585
503.155
504.978
505.628
499.147
504.186
495.351
500.244
486.639
501.845
497.978
498.964
499.351
506.564
497.042
500.913
501.293
493.714
506.168
496.88
517.514
505.22
491.939
502.19
511.582
490.675
494.428
500.214
497.001
499.007
490.229
494.66
503.793
499.96
498.306
495.067
508.156
511.672
499.999
506.091
494.11
502.338
499.729
501.013
494.974
499.834
501.979
495.519
497.518
507.851
495.911
501.948
502.694
491.041
507.704
510.067
493.827
502.028
507.552
492.871
497.131
505.416
503.786
