510.185
498.495
506.578
494.248
502.373
497.406
496.643
504.874
503.397
501.563
502.278
497.466
495.681
508.41
499.75
493.529
491.918
502.694
502.904
500.59
507.17
490.725
500.031
501.629
499.203
497.997
492.78
509.035
508.003
497.681
516.413
500.371
492.085
495.508
500.21
493.342
506.327
493.138
503.45
497.934
496.062
498.503
495.165
492.794
504.844
496.15
500.482
510.792
496.897
493.342
505.792
488.269
483.586
502.693
505.768
498.908
496.96
505.784
499.418
508.471
487.999
497.924
492.267
505.639
