510.212
506.881
493.283
503.609
501.186
506.556
499.401
504.489
512.764
499.002
493.656
494.265
504.977
497.305
501.082
508.463
502.281
495.393
505.11
498.779
512.168
495.505
492.331
484.559
509.294
495.06
492.524
501.792
491.253
492.601
508.381
489.321
498.495
493.425
506.892
491.076
495.617
494.666
502.533
497.479
493.623
495.03
500.316
497.304
496.482
494.467
501
492.625
500.349
498.489
497.895
494.028
506.101
508.908
494.598
496.344
498.549
502.38
498.457
490.653
505.004
502.068
512.561
493.208
