506.954
504.695
506.673
514.169
502.761
491.991
501.78
489.599
494.784
495.782
507.236
492.871
491.222
510.414
493.807
497.568
495.153
496.748
499.23
502.401
496.422
499.446
506.054
500.816
494.007
489.648
489.284
508.539
501.725
488.723
509.327
503.789
494.601
505.293
508.495
492.298
510.26
503.062
507.537
505.124
496.427
502.676
501.593
508.788
502.385
509.355
506.571
500.667
497.739
495.331
498.614
508.246
504.433
501.24
506.093
505.406
501.529
492.922
507.061
509.924
498.775
499.809
497.328
498.694
