506.616
508.174
503.475
495.077
493.309
508.687
508.297
508.3
493.912
500.46
503.294
503.741
502.659
501.988
494.661
501.777
494.873
500.45
501.608
504.224
502.537
494.052
509.546
491.807
498.078
506.14
494.163
501.279
499.243
493.858
502.112
494.351
499.427
496.359
499.22
498.444
507.619
501.712
494.51
488.514
502.025
507.761
493.07
503.272
504.285
498.878
507.318
502.96
501.687
503.937
491.2
498.234
502.258
496.837
483.713
502.368
499.352
499.946
493.032
497.699
492.193
490.791
501.506
509.342
