504.206
492.345
505.166
520.611
502.581
494.98
497.991
501.829
501.296
506.032
500.924
504.465
501.693
497.283
491.409
494.168
509.375
506.218
503.812
497.126
494.993
500.447
501.725
492.4
501.237
503.111
505.646
494.38
485.487
501.035
512.659
506.771
501.275
497.679
483.68
508.555
496.308
499.366
508.377
502.71
498.185
510.681
494.043
506.825
509.519
501.909
503.504
502.193
509.157
493.309
498.556
504.832
501.424
506.238
497.271
505.827
509.274
502.693
500.683
509.057
495.336
498.009
506.42
498.446
