494.943
495.139
495.682
497.24
496.396
503.713
493.083
508.518
502.775
498.376
503.78
500.655
501.352
492.02
498.212
498.92
496.634
510.774
502.314
492.119
505.574
505.7
499.134
492.109
505.528
486.277
500.997
494.862
490.706
506.071
500.824
509.494
502.252
505.078
497.65
505.916
499.654
493.061
494.286
497.969
501.86
498.186
501.98
494.644
504.804
497.351
496.863
501.739
497.724
491.098
504.923
510.078
491.421
498.306
500.838
507.973
502.207
504.628
493.837
491.965
496.529
504.886
503.53
506.007
