500.162
502.147
494.17
495.503
493.137
504.658
502.077
501.888
498.317
486.812
494.432
497.152
507.739
497.137
492.533
506.688
493.341
501.716
492.759
490.308
500.004
498.394
508.392
503.733
497.042
497.121
501.386
507.34
505.364
502.894
499.044
491.297
502.183
501.691
504.832
500.45
506.657
503.395
501.062
503.884
494.095
500.119
500.148
502.122
490.755
507.634
505.879
507.665
505.187
498.66
505.228
500.715
495.292
501.839
496.983
494.847
499.072
504.44
492.268
507.374
502.489
499.725
504.575
503.347
