496.269
508.735
497.86
495.911
494.243
500.341
494.9
504.924
494.567
499.849
513.809
495.376
501.322
506.891
499.036
506.816
495.189
498.117
499.931
501.088
495.8
502.679
493.763
505.404
504.347
505.046
500.983
503.623
500.028
499.4
498.158
494.141
497.688
495.659
505.488
494.19
504.332
500.081
501.179
497.136
494.588
508.269
496.988
500.408
496.548
495.275
497.528
499.625
500.812
505.903
502.712
506.355
492.07
502.574
501.578
492.691
501.622
490.477
505.307
494.359
498.064
501.818
502.738
492.357
