501.996
502.806
497.795
503.458
501.956
505.876
494.738
509.041
507.136
507.042
501.03
510.21
493.069
498.269
499.232
497.495
497.318
510.284
501.781
502.915
503.187
508.492
504.291
506.396
501.071
483.398
504.402
497.691
493.78
502.284
495.436
495.366
505.681
504.96
496.758
496.137
507.166
509.545
501.425
509.735
501.324
503.171
492.519
505.636
501.182
505.572
498.952
504.552
504.93
506.829
503.954
494.846
506.71
509.472
493.673
495.869
501.424
509.46
494.462
502.475
492.801
504.18
506.062
490.921
