495.901
500.213
498.014
502.704
505.811
499.769
499.695
498.23
502.064
500.131
507.233
489.845
500.122
506.98
498.423
494.529
491.23
506.616
501.861
502.962
508.761
482.446
499.25
491.756
501.067
500.131
492.556
505.488
506.583
499.842
501.021
502.051
483.829
500.898
490.45
509.639
504.912
502.557
497.793
499.147
501.126
501.512
501.673
496.337
499.392
500.627
494.147
502.735
504.055
500.467
501.039
508.348
502.708
497.561
506.202
496.973
493.895
498.947
506.65
502.833
494.922
499.205
489.836
501.222
