496.401
497.178
498.071
492.207
499.048
498.514
499.094
496.144
499.858
493.182
498.561
495.551
492.078
505.887
497.296
494.458
499.145
499.5
508.065
497.714
507.102
505.124
493.806
495.785
496.253
506.709
493.956
499.647
505.376
509.833
505.874
490.321
499.874
498.859
499.574
505.314
505.184
500.534
502.204
500.822
502.027
501.857
501.169
498.145
499.61
506.949
496.684
493.257
505.427
506.054
499.497
504.623
501.827
499.8
505
493.597
498.32
508.628
503.088
489.759
498.413
515.247
498.083
493.87
