491.135
494.899
501.989
495.817
496.325
497.742
497.811
497.116
501.824
497.154
500.348
496.388
509.042
493.529
495.278
505.5
496.222
499.447
505.242
502.993
503.943
507.469
502.744
491.869
500.533
498.411
489.181
501.28
503.498
498.132
496.755
505.651
490.544
500.356
500.028
495.11
501.828
511.069
502.732
498.192
491.841
495.603
491.593
499.066
511.265
502.576
503.693
491.173
496.801
510.433
494.988
505.743
503.035
499.679
491.934
502.369
506.155
496.905
489.689
504.158
500.364
493.311
503.303
499.978
