503.445
506.198
502.827
510.031
500.272
498.81
490.966
492.504
494.58
492.61
508.13
504.158
501.345
506.942
507.851
500.54
499.035
497.108
507.565
501.819
502.566
501.644
502.004
490.863
504.649
493.631
501.743
507.8
494.559
497.281
494.818
499.823
498.6
501.532
504.428
503.882
492.841
505.027
500.765
492.623
495.107
492.212
493.77
502.445
504.438
501.327
487.394
495.414
494.195
489.836
497.684
500.492
505.416
495.902
497.812
496.604
496.848
493.477
494.484
496.51
508.255
501.561
498.004
505.145
