1,2,3,4,5,8,10,11,17,21,26,29,35,36,39,42,43,45,46,48,52,58,74,78,82,92,102,107,116,121,135,146,153,155,167,198,200,211,223,247,260,270,275,281,291,293,295,319,353,376,415,422,429,433,446,460,493,517,521,540,542,544,565,572,575,627,633,641,650,656,720,724,789,801,842,846,854,856,866,882,883,890,892,895,915,936,973,977,980,989
0,5,7,10,14,17,23,25,40,65,72,100,180,223,233,310,314,316,319,326,358,365,376,405,409,522,567,601,653,667,704,730,750,756,769,902,954,955,963,996
0,5,6,22,67,79,113,146,341,351,355,440,455,644,702,812,857,944,948
0,6,18,20,24,35,42,46,47,53,68,78,91,93,99,104,110,113,138,145,158,166,172,175,214,220,296,307,311,329,340,439,441,469,471,481,484,516,553,594,640,658,661,672,710,780,809,950,998
0,5,6,7,9,10,11,12,14,17,19,33,36,41,43,45,54,68,89,94,103,147,153,174,196,227,244,253,255,276,289,307,317,345,428,434,440,442,444,454,465,507,520,529,535,562,628,641,648,699,712,783,848,893,918,932,937
0,1,2,4,6,7,8,9,12,14,21,33,35,38,48,52,58,75,83,90,110,119,130,160,196,208,219,229,261,326,388,393,431,437,439,486,488,511,514,526,590,609,623,624,654,664,731,732,760,855,966
2,3,4,5,7,8,9,11,15,16,19,22,25,26,27,29,30,31,34,39,51,54,58,59,60,64,66,69,71,81,84,86,91,92,97,105,112,115,118,126,132,135,140,155,164,173,179,182,198,203,207,209,214,224,233,234,237,244,254,293,305,320,322,330,350,355,399,405,427,485,503,521,560,570,574,598,606,613,628,630,638,642,679,684,688,725,731,775,784,786,794,798,825,829,871,878,890,898,899,930,942,955,972
1,4,5,6,8,9,12,13,15,16,18,21,23,28,34,38,47,68,69,70,79,86,106,117,132,148,150,171,173,174,179,190,195,197,227,239,241,246,261,265,268,278,280,283,300,302,308,372,389,392,409,419,424,491,497,512,519,537,543,553,557,687,693,695,715,749,758,767,783,790,815,824,839,855,861,869,870,920,958,969,988,993
0,5,6,7,11,19,25,28,31,42,46,59,67,113,183,200,285,378,436,474,496,507,516,543,611,650,790,826,889,906,911
4,5,6,7,10,12,17,19,20,27,28,30,33,36,41,44,50,51,57,75,82,97,101,112,120,123,147,161,170,172,173,197,198,201,249,271,286,288,289,295,306,331,334,342,360,366,372,373,382,397,403,409,415,425,438,487,498,534,546,564,580,607,645,678,690,704,731,761,776,783,842,861,873,883,894,928,984
0,1,4,9,13,18,32,41,43,52,79,84,90,93,100,120,123,128,134,142,143,150,154,166,206,207,218,243,250,281,294,317,325,329,345,418,435,465,469,474,483,505,519,549,556,601,603,616,630,682,725,740,761,766,767,801,818,826,865,874,875,883,888,892,908,923,931,932,941,985
0,8,4,6,13,15,29,37,39,44,58,61,62,63,84,105,108,109,111,115,139,141,153,171,183,187,188,189,208,222,231,247,258,259,285,323,339,354,455,462,501,550,564,614,669,696,711,726,757,786,795,822,950,965,987,994,999
9,4,5,7,13,16,22,24,30,37,38,42,50,54,71,76,85,87,118,131,136,138,152,158,159,170,186,231,262,264,274,297,363,373,437,448,454,463,489,503,523,547,583,639,739,793,821,945,961,990
10,11,12,7,14,15,27,59,181,315,360,424,765,962,969,991
1,5,4,13,24,25,33,39,45,47,52,63,72,78,89,106,146,155,163,197,201,209,212,259,344,434,496,527,640,750,919
11,13,6,7,16,18,50,64,85,88,104,106,119,139,149,156,177,190,204,245,318,345,364,378,421,452,561,610,615,629,691,715,766,782,785,840,859,925,938,999
7,12,6,15,20,21,24,26,31,32,43,96,124,132,147,158,204,230,302,321,323,484,537,568,590,609,748,878,952,982,986,991
0,9,4,1,23,26,28,49,51,66,74,82,83,85,87,103,111,131,144,156,178,184,185,187,190,201,211,248,292,300,301,320,347,356,357,366,384,388,400,468,506,548,576,625,629,631,637,650,660,666,677,740,762,797,852,854,869,892,896,907,935,940,965
10,3,15,7,29,62,67,104,165,277,324,412,596,759,838
8,9,4,6,20,22,23,34,36,44,76,77,86,93,100,133,136,149,163,182,231,243,254,272,275,288,290,299,302,303,345,352,356,381,395,401,419,460,461,591,619,630,635,662,679,697,712,753,782,793,799,816,836,837,852,876,893,958,979,990
16,9,19,3,27,31,40,53,87,120,148,151,177,222,240,252,282,293,306,312,321,351,359,377,392,398,427,461,464,481,524,528,607,685,738,746,758,769,931,945
16,0,5,7,32,47,101,105,134,169,206,268,270,283,304,305,346,374,396,405,456,494,502,531,541,618,644,741,823,910,960
2,19,12,6,45,55,60,66,80,82,101,116,124,131,181,183,184,238,259,478,614,632,806
1,19,17,7,44,69,93,136,261,649,723,733
16,3,12,14,55,62,63,88,95,112,130,177,185,199,232,238,239,249,258,259,336,338,341,344,354,457,484,509,536,540,555,559,597,705,726,744,771,980
8,1,6,14,30,57,64,69,116,119,140,162,229,242,422,552,625,692,708,718,743,748,818,860,901,940
0,16,17,6,53,55,56,70,110,122,168,174,186,221,224,235,242,257,267,269,276,324,354,359,411,412,431,474,608,632,661,706,797,912,981
9,20,13,6,41,56,109,151,184,272,407,448,502,582,834,855,872,969
8,17,9,7,285,348,367,539,622,980
0,18,11,6,32,37,70,97,105,117,121,139,187,315,341,366,490,494,516,569,593,665,734,799,824,829,879,951,962,995
25,12,6,9,169,222,542,613,620,680,696,969
16,8,20,6,35,37,95,107,126,150,157,176,181,205,218,246,364,387,390,416,441,493,503,555,765,800,808,815,928,948,952
16,21,10,29,34,40,50,53,57,74,88,110,119,127,132,165,190,202,237,284,287,312,426,447,518,552,569,627,667,857,906,970
9,4,5,14,40,112,270,436,457,470,479,492,571,728,749,926
32,19,6,7,54,76,94,96,135,139,154,156,164,167,195,205,265,266,269,279,280,283,290,364,380,548,560,610,617,677,724,736,869,923,929
0,3,5,31,55,60,73,81,92,101,127,145,191,224,232,309,371,444,475,530,585,629,651,703,753,841,877,885,903,970
0,9,19,4,49,65,160,181,240,315,416,439,517,580,585,678,784,839
11,12,29,31,38,46,99,114,125,148,164,212,311,360,427,428,534,541,686,806,819,830,901
37,12,5,7,48,61,94,238,243,257,258,370,377,503,505,510,529,621,636,693,727,757,835,927
0,11,6,14,68,71,72,73,104,118,129,133,137,192,193,205,210,219,222,225,232,241,250,267,268,298,306,331,389,419,421,462,492,494,560,572,618,823,868,899,929,931,942
32,33,20,1,60,62,108,195,310,375,390,393,397,497,504,583,660,718,757,905
9,10,27,4,84,109,122,129,131,141,144,165,179,214,371,450,521,551,599
0,8,3,12,56,57,77,212,279,385,418,472,864,965
16,0,10,4,48,49,56,80,144,363,418,475,549,674,780,853,870,911,918,939
19,9,11,23,72,108,159,162,170,191,193,283,302,359,452,513,514,582,605,631,800,933,948,996
0,4,14,22,65,77,138,204,217,276,435,458,577,699,828,840
0,8,3,37,49,51,163,167,188,194,199,213,317,328,351,473,485,618,619,666,862,871,988
3,21,14,7,88,107,111,117,123,128,134,161,164,169,178,264,335,337,353,412,429,436,592,603,698,756,811,924,960
0,43,5,38,59,61,77,78,114,129,130,179,194,196,218,286,297,313,335,339,357,374,387,407,432,456,584,670,780,797,807,861,889
17,43,36,46,79,111,152,208,213,274,296,318,336,340,386,395,402,435,440,574,708,734,779,953,959
32,9,12,15,178,263,400,410,486,556,797,831,929
46,17,9,6,76,98,219,243,277,337,349,353,453,457,627,747,888
0,10,5,14,67,91,122,149,191,348,407,538,540,561,657,708,812,831
32,26,3,20,193,245,738,809,833
34,12,4,6,150,841,880
24,26,35,22,85,91,169,226,313,332,389,452,512,575,647,836
27,26,43,42,63,64,140,142,234,269,311,318,393,470,988
32,9,42,25,75,265,274,278,303,380,413,426,478,663,805,965
0,11,5,6,61,66,80,151,161,168,186,207,252,462,523,640,879,897,998
8,48,13,6,73,217,324,350,370,390,565,604,694,859,893
40,35,6,22,201,252,305,327,343,445,615,675,741,804,967
48,58,11,38,70,89,92,102,113,117,133,221,225,226,230,247,255,292,314,322,333,342,346,364,384,389,410,447,471,476,485,520,561,582,596,605,642,645,662,671,672,694,722,764,820,825,828,860,885,960,968,994
24,18,40,11,73,96,128,142,182,226,314,320,414,593,803,875
24,56,11,14,65,71,81,227,253,347,459,593,624,957
56,25,6,15,115,124,134,137,138,154,293,304,412,675,886
1,36,45,63,74,75,96,172,256,289,332,426,445,480,500,513,579,588,635,733,899
17,58,6,22,121,322,334,390,391,504,542,581,664,668,700,770,811
8,2,18,52,81,90,102,106,165,175,176,224,278,287,330,350,395,423,508,562,570,591,719,743,770,773,782,839,844,858,880,884,896,985
3,4,7,39,89,94,102,146,207,246,290,388,401,523,807,959
25,23,6,7,140,211,248,383,437,686,763,901
29,26,61,7,107,157,240,323,417,433,585,706,747
12,39,6,63,87,154,160,241,276,367,374,403,565,675,756,834,835,872,899
1,44,14,39,251,260,299,340,548,580,838,920
59,35,62,39,80,98,103,133,143,144,213,216,221,294,295,333,352,408,446,478,524,563,594,607,634,658,755,799,851,890,917,948,957
32,17,65,0,83,141,149,161,180,244,280,352,387,716
65,57,5,9,90,155,232,299,455,801,943,981
51,34,19,12,83,97,116,152,160,248,274,301,445,491,630,809,909
48,42,19,45,336,358,372,539,772
48,0,3,14,103,121,254,326,373,413,428,500,516,649,682,706,741,771,857,864
49,2,10,7,86,114,135,157,168,311,327,335,338,449,468,522,587,643,702,813,817,909,947,975
73,58,43,22,95,100,120,463,533,745,805,898
35,67,6,63,141,211,325,416,659,693,719,836,846,921
0,9,22,17,95,123,175,322,329,367,394,480,489,498,502,551,559,613,704,781,808,856,952
17,74,76,5,98,99,159,183,216,217,236,498,628,668,720,732,764,889,968
41,10,11,6,142,356,627,789
17,12,55,15,122,126,230,256,279,329,510,651,672,857,867
19,6,79,7,114,209,413,425,642,691
17,20,12,71,359,779,838
24,32,47,15,158,270,413,755,866,923,930
4,61,14,68,98,202,210,251,308,467,491,512,603,757
10,75,67,5,99,109,256,278,442,481,532,593,733,853
3,52,6,55,108,127,439
0,35,61,6,241,545,910
3,10,19,23,153,514,577,684
34,68,4,38,391,475,562,734
24,82,80,31,126,137,217,233,257,377,469,488,690
16,65,34,62,537,647
9,76,29,6,118,296,316,612,710
73,89,83,51,125,157,172,198,203,212,252,266,398,522,916
90,83,3,37,162,430,466,533,631,650,681,715,927
80,1,10,19,174,177,194,955
9,35,21,22,125,127,199,378,402,671,866
0,67,68,61,115,284
73,17,4,78,143,242,600,886
18,3,39,15,128,130,291,292,323,326,558
21,11,29,6,125,420,431,522,592,709,844,919
67,15,14,7,298,472,508,656,937
0,31,70,47,690,727,843,856,967
40,91,11,44,143,441,451,476,498,773
27,41,90,11,239,452,466,477,785,905
32,26,3,5,167,315,358,506,622,997
49,11,17,47,145,216,289,392,410,491,504,592,612,702,708,722,776,902
24,9,6,33,193,235,309,327,391,774,990
8,2,3,61,129,137,166,235,288,312,344,361,392,404,533,577,762,858,887,926
48,37,86,79,476,509,954
64,102,11,6,156,208,228,327,384,486,551,600,693,780,881,928
0,25,76,22,284,325,388,425,453,470,525,769,788,795,855,885,949,983
61,7,29,47,404,420,604,609,792
97,12,6,39,255,337,559,810
32,25,5,15,189,220,287,335,366,383,403,414,505,633,638,900,975
80,9,10,20,147,408,620,701,956
0,66,29,78,124,330,536,625,695,751,973
41,26,52,85,163,173,287,365,408,438,532,646,689,837
9,10,82,47,261,300,518,696,828,848
64,121,16,22,215,386,495,646,692,763,904,953
105,98,101,37,333,740,758
31,85,6,95,180,182,189,199,234,348,361,499,697,710,768,915,926
32,91,35,101,220,253,295
104,10,62,47,443,527,687
48,41,113,39,136,148,171,305,316,442,464,483,528,933
104,24,48,5,535,635,933
41,12,22,17,176,210,310,424,432,484,490,492,493,536,550
32,16,6,7,151,159,192,203,964
73,19,61,39,482,683,741
64,10,21,47,234
0,34,6,79,319,626
129,19,12,23,214,225,257,646,752,771,936,971
64,113,95,39,524,576,736,911
64,3,12,45,185,255,303,680,814,816
34,11,29,15,145,175,176,200,215,370,697,755,845
56,25,69,6,162
81,41,74,11,220,227,268,291,367,411,537,584,589,686,714,851,868,996
56,10,84,62,297,913
73,10,108,103,171,229,303,349,554,558,796,803,804
73,41,43,17,253,373,394,477,867,887
35,3,139,111,168,275,398,495,512,558,617,717,782,787
0,2,68,14,152,298,411,458,698,737,877
120,9,4,16,260,368,881,916
129,20,37,7,225,427,562,872,910,992
74,19,52,15,202,246,266,651,764,794,847,934,982
10,31,54,7,210,223,250,454,946
132,58,27,20,192,203,233,251,263,266,272,321,328,349,396,417,448,497,566,595,596,852,977
49,146,12,76,188,206,247,411,967
0,11,4,93,187,218,272,450,473,482,524,641,658,660,714,785
64,10,34,71,170,209,213,216,284,379,381,421,521,550,575,665,828,893
0,75,6,14,186,499,541,787,827,881,897,989
17,34,115,15,245,398,443,499,827,993
98,31,70,79,178,384,446,781,827
16,88,3,12,166,189,594,729,737,750,754,761
83,132,12,44,229,235,428,430,479,483,568,612,622,884,957
76,5,36,71,237,262,273,357,599,698,970,971
9,74,58,47,292,309
25,99,44,140,230,271,304,347,376,456,599,784,847
46,122,19,14
34,37,6,47,180,191,200,249,279,291,294,378,421,432,480,531,649,809,891
32,41,18,67
113,10,3,158,262,297,330,451
0,34,110,46,450
145,58,26,79,184,448,536,621,812,973
47,21,30,55,273,362,461,467,530,534,543,625,760
9,154,12,44,192,236,237,251,564,578,619,888
129,11,7,143,204,206,271,352,363,406,408,554,638,732
65,98,3,9,239,244,275,282,357,406
9,122,6,7,417,438,673
100,26,4,7,256,867
3,82,67,139,188,197,510,654,699
67,131,139,31,623
24,100,20,15,205,248,339,362,544,577,602,652,817,838
17,50,157,47,344,572,607,992
48,41,6,7,185,202,545,572,602,671,878,945
1,74,164,126,194,263,528,663,730,774
36,13,22,31,609
62,126,19,6,196,495,645,726,759,813
8,11,83,22,238,431,487,880
168,17,27,22,313,342,505,525,600,763,930
24,17,138,179,249,340,425,591,641,688,712,811,876
58,26,155,12,221,236,264,332,342,493,544,554,586,637,781,867,871,954
17,153,11,29,269,281,290,354,444,798
152,11,46,175,380,396,653,680,796
126,11,158,119
32,17,7,15,195,343,397,518,598,747
35,164,44,52,215,313,405,438,808
170,132,39,151,280,282,333,399,560,632,710,711,789,791,794
112,44,53,39,228,236,308,517,753
48,100,180,46,605
40,34,190,7,228,519,681
48,4,5,182,254,520,587,735,770,845,978
9,7,14,175,267,281,358,723,760,863
0,9,98,6,219,286,300,992
46,24,101,126,526,620
0,8,139,164,250,262,351,507,615,634
9,60,14,17,223,527,590,754,906
32,89,179,149,263,316,346,556,612,635,647
98,132,6,151,240,528,539
16,171,45,15,538,636,872
177,34,39,31,447,525,748,792,920
152,10,171,21,228,271,395,399,655,711,802,952
58,10,68,6,312,336,707
11,49,115,5,226,307,331,400,616,720,743
86,154,14,6,374,610,810
89,131,150,39,556,639,643,666,701,703,843
0,81,69,17,383,579,619,683,894
42,37,14,98,215,391,671,730,731
73,49,154,46,298,382,674
136,41,3,6,310,363,464,541,667
212,139,124,191,458,509,823
73,154,83,111,436,705
83,59,45,95,642,744,768,832
48,153,10,31,346,362,467,487,499,508,569,657
51,5,198,39,231,273,371,433,434,705,766
3,119,141,127,324,394,397,454,586,863
186,73,26,61,314,331,414,652
11,20,30,39,294,347,368,400,409,482,931
0,1,201,150,386,483
35,26,67,6,546
136,148,61,39,917
208,61,62,55,381,399,459,589,595,956,970,982
63,4,141,7,343,529,571
193,115,206,195,368,442,864
159,25,5,143,286,360,387,456,482,554,579,645,815
16,162,61,85,424,449,453,647,688,882,927
19,11,12,219,304,624
24,75,35,39,267,321,921
151,1,6,95,837
56,126,134,6,242,396,654,674
112,113,26,159,245,307,339,561
186,193,170,83,511,513,580,633,749,845,881
160,170,32,6,328,402,430,664,815,968
24,38,22,183,277,610
24,172,109,7,414,440,513,664,940
203,20,70,36,458,628,800,801
92,39,71,7,379,446,575,762,968
25,234,26,103,657,889
51,10,19,38,273,406,608,793
74,172,4,6,282,598,935
235,156,53,15,309,341
31,68,149,7,285,788,974
0,152,11,61,260,370,555,588,694
177,76,69,17,337,338,355,494,545,594,606,648,975
24,185,164,9,258,382,520,689,831,847
200,10,150,39,277,365,368,657,674,748,783,792
72,89,170,151
98,20,60,58,377,379,939
144,4,63,127
19,196,78,6,264,515,538,578,582,638,882,924,934
138,4,61,118,468,678,791
65,90,85,174
136,26,38,95
24,249,11,38,984
24,11,14,22,557,695,798
0,72,147,247,296,862
123,23,5,7,265,375,404,614,662,759,803,871,991
160,12,166,200,394,540,557,639
202,50,180,151,308,578,715
186,12,254,47,301,564
57,34,261,7,371,418,420,676,935
34,149,98,151,502
232,26,197,39,325,328,441,449,779
21,39,141,7,379
56,34,26,187,385
88,33,21,0,621,768,851
9,162,171,206,369,465,532,601,716,885
19,153,27,151,288,489,849
160,169,219,243
57,76,12,49,507,508,755
0,145,19,172,301,319,320,423,470,476,566,578,583,685,905,936,972
26,4,45,71,430,481
51,18,250,238,362,443,506,535
57,90,67,7,449,669,848
42,164,34,85,372,573
192,74,34,7,422,802
0,10,187,197,416,568,794
192,244,172,20,334,479,654,777,805
34,44,21,7,459,488,597,736,887
32,154,116,102,306,435,462,523,576,651,685,813,888,913,966
8,11,28,246,318,660,914
48,9,229,198,469,673,984,986
32,122,67,119,423,632
272,9,19,113,343,369
65,4,9,111,353,386,445,459,506,518,535,680,717,959
19,34,187,68,432,737,833,939
0,164,104,141,299
104,161,61,17,583,776
64,0,20,6,369,486,517,717,733
73,10,164,222
0,73,9,127,953
97,3,260,49,410,463,966
48,12,166,142,509,656
213,106,39,146,338,526,547,571
72,291,75,19,479
17,123,198,7
264,17,275,76,649,907
16,19,44,7,699,853
57,138,19,143,402,515,707,854,870
64,162,21,231,356,443,746,807
129,60,21,6,573
9,284,20,39,551,653,679,737,919,960
208,3,4,235,588,951
89,7,193,263,451,620
112,161,35,245
40,1,131,214
56,3,37,79,317,383,403
32,113,20,207,349,365,689
48,55,184,191,382,468,496
1,61,221,62,707,823
29,36,13,110,406,547
1,202,129,97,369,415
10,4,46,311,474,510,668,723
56,49,285,15
0,1,275,135,519
17,275,62,6,453,526,530,950
16,232,20,151,631,777,890,990,994
82,66,61,6,501,722,802
104,16,11,70
59,26,18,220,350
81,10,267,116,429,655,775,850
104,1,5,78,472
112,115,60,79,941,972
267,237,46,151,465,682,706,729,795,874
10,3,85,82,332,334,401,626,668,688,942,961
121,67,166,6,532,567,830,837,846
208,9,221,39
65,329,186,55,472,655
192,73,125,61,420,485
329,9,66,282,444,460,825,832
48,119,47,79,380,385,730
24,49,77,207,666,847,985
248,51,118,47,670,739,909
248,24,298,79,974
11,177,48,235,589,866
72,185,3,49,611,822,894
24,2,29,245,604,912
184,9,186,61,417,735,973
288,227,60,190,375
24,113,178,14,355,829
10,19,4,15,348,361,376,401,423,791,822
218,202,21,61,738,824,936
17,162,222,63,461,569,916
345,52,28,126,361,450,722
312,151,51,143,381,874
67,59,324,6
200,2,20,46
73,74,19,171,721,902
0,289,51,47,434,679,877,895,932
24,26,11,187,543
248,2,344,6,375,992
304,17,19,84
160,17,48,172,504
197,1,77,110,488,746
26,20,44,87
229,13,37,9,415,589,673,701,709,726,999
345,348,126,113
169,218,177,277
43,12,171,214,643
34,15,61,31,385,473
312,1,122,250
9,29,17,119,617
82,28,141,71,912,938
250,147,228,222,727
288,316,293,271,604
59,139,38,247,511,598,624,829,950
265,35,219,41,788
9,279,77,7,478,489,656,802
144,9,12,78,496,571,579,869,956
48,209,21,71,426,702
40,355,261,343
0,345,162,1
20,252,38,95,393,404,677,760
8,164,101,15,621,900,978
241,154,252,268,433,447,565,652,848
57,34,188,335,787,835,962
226,154,19,349,501,592,738,759,833,912
213,313,249,9
311,211,69,119
61,17,115,157,559
42,364,269,335,713,868,940
49,124,289,223
48,74,229,31,407,429,549,687,728,843,922
17,116,5,68,477,500,659,692
55,39,61,7,975
40,66,59,31,690,814,856
112,66,212,94
113,7,20,111,492,530,844,874
56,377,40,5,548,643,792,932
144,82,220,262,751,898,997
19,49,67,206,419,659,742,765,781,943,944,998
234,188,21,151,716,790,843
40,9,220,190,455,590,736,744
145,98,20,156,791,832
192,226,206,6
208,17,50,222,603,663,745,914
329,345,19,68,626,967
49,101,237,303
9,119,311,71,422,501,555,595,685,777,982
113,117,261,377
1,21,6,191,437,490,546,876
315,171,172,243,477,553,605,686,778,804
48,27,387,52,500,700,839
120,73,122,171,495,538,549,672,728,831
1,222,9,7,585,915,979
296,50,61,111,567
152,146,26,141,623,742
64,26,18,47,636,751
88,57,86,78,584,639,895
239,221,62,119,527,862,977
0,9,316,360,515,553
81,36,281,31
342,173,70,151,576,602
265,10,43,42,467,796
19,395,39,7,842
105,333,117,265,558,608,659
154,164,15,39,473,552,914
280,25,403,0,487,615,661,858,961
345,67,275,287,534
131,13,230,7,937
9,185,116,86,533,691
32,65,374,57
148,20,37,6,574,636,700,808
4,37,78,159
0,387,325,47,464,542,909
99,276,237,159,714,807,875,983
105,26,5,183,457
48,290,131,164,570,796
0,379,70,219,471,525,588
353,219,4,14,490
49,10,284,45
8,33,216,47,677,919
69,12,5,405,451,466,586,790
9,122,173,191,611,696,713,850,987
3,91,36,5,529
49,2,4,239,725
3,267,108,31,945
129,90,228,4,712,816
128,304,156,277,821
35,187,4,334,480,918
65,60,76,289,466,692
73,241,157,0,616,723,906,938
32,205,379,61,471
168,27,12,151
267,230,278,79,750,929,930
153,348,167,41
108,308,437,166,767
15,109,44,55
320,51,116,230,581
220,12,4,150,539,689
11,2,75,397,531,719
48,229,162,21,511,547,744
24,33,51,431
240,146,45,215,460,676,687,695
289,226,283,63,581
0,458,19,334
169,347,19,20,463,681,810
58,11,284,39
80,296,12,461
129,20,429,214
328,10,4,271,700,934
109,99,445,437
418,169,218,89,776,810
17,313,79,255
10,3,286,95,934
56,33,275,116,475,819,862
433,3,61,447
42,332,326,106
153,364,421,46,587,897
8,26,10,317,497,531,563,600,640,986
43,35,470,94,563,775,941
114,275,108,61,597
144,388,109,406,972
73,57,372,22,587
33,282,299,159,732
65,82,164,444
90,3,20,276,584
153,229,222,133,849,884
159,129,10,223,703,713,865
3,24,131,16,614
61,333,46,6,634
115,50,293,5,552,591,739,778,964
9,218,422,183,787
283,5,358,95,652,946
272,82,372,12,596,709,753,795,806,921
29,434,131,405,514,608
89,7,76,111
392,33,131,39,891
0,186,131,31,545,775,850
248,29,21,39,683
408,145,124,182,718,805,923
8,313,373,14,644
151,474,40,7,681
9,82,83,108,678,925
218,155,156,126,595,682,774
65,388,78,407
11,322,403,381
27,266,21,82,606,754,852
38,12,6,31,550,557,574,606,637,826,903
40,66,357,111
184,10,38,119,908
17,277,110,289,784,944
8,274,4,200,573,714,718,772,953,985
218,274,67,106,976
24,297,114,215
85,317,38,175
456,370,236,5,515,618,830,834,971
89,145,7,55,566,648
65,44,236,239,567,830
490,93,44,5
511,303,254,415,727,981
8,3,29,78,684,849
0,193,36,293
32,289,123,190
10,195,319,7,581
249,4,196,61,601,883
0,41,154,6
1,98,105,79
58,12,284,68,806,816,845,908
73,137,153,20
184,433,116,205,841
320,298,5,199
128,201,414,14,637,663
129,203,180,20
227,4,38,439,573
320,169,35,392,566,721
474,164,21,455,669,833,853
90,330,122,271
80,425,99,113
9,169,37,423
289,130,4,277,709,962
24,121,131,168,546
96,16,141,7,544,599
408,204,254,52,949
203,28,77,454
24,0,52,262
37,155,21,214,658,877
0,66,429,30
8,169,354,7
0,537,186,177,626
248,179,92,493,563,633,735,785,826,963
224,536,405,9
456,298,315,12
72,393,34,17
408,10,43,387
11,154,131,503,728,939
41,306,115,82,648,655,698
32,25,421,486,915
3,7,406,415,568,786
186,171,229,143,662,756,873,900
24,247,403,31,770
210,10,50,202,669,820
259,7,262,503,873,980
104,145,420,143
384,24,82,118,646,754,799
192,34,6,39
235,52,61,15
67,148,4,94,676,777,947
73,474,475,545,570,697
264,9,170,11,768,786
379,0,59,71,734,746
512,530,275,151
1,410,330,513
159,281,16,553,675,742,949
32,218,347,29
432,67,563,6,827
33,298,227,373,752,813
0,178,179,39,684,811,977,984
305,507,529,279,665
49,427,6,503
0,241,154,55,773,820,949
417,137,284,17,740
177,45,93,113
170,275,254,263
65,373,211,229,586,665,987
72,9,236,36,729
66,459,453,519
27,44,61,254,597,602,694,851,879,974
40,275,12,292
48,481,141,413
409,35,36,70,622,766,886
186,579,220,437,670
473,196,478,79,897
65,433,307,247,739,917
360,226,339,141
16,201,5,397,661,704
19,185,67,486,924
105,111,381,47
90,29,62,63
248,73,3,158,623
226,403,499,151,778
489,18,61,151,721,752,963
24,283,476,582,836
370,244,190,6,611
160,537,162,41,613,772,840
184,474,115,103,676
520,1,10,271,617
417,177,179,582,691
400,89,10,47,667
369,117,59,341,764,925
194,44,61,406,925
248,502,6,503
73,9,178,20,983
490,26,243,420
16,117,5,181,634,683,711,859
209,34,238,15
8,598,340,438,721,771,976
159,97,202,111
82,30,6,599,822,946
11,484,261,22
200,60,422,15,616,653,767,820
208,10,446,615,629,819
601,145,34,366,922
39,21,46,511
19,170,211,46,825
120,308,30,199,821,873
168,378,38,270,773
585,28,110,159,840
176,594,411,5
370,231,5,63
25,169,121,17,821,832,963
544,329,401,135
32,0,51,84,673
240,83,4,6,788
616,17,35,15,749
10,19,76,6,878,905
321,17,99,44,819
192,26,22,287
0,545,236,119,903
73,609,485,200
65,130,19,202,644,804
204,427,412,38
17,186,527,503,964
171,254,6,119,747
210,12,413,262,778,886,943
474,58,3,14,719
0,185,153,4
217,61,86,6
393,210,363,79,705,716,743
496,2,635,21
9,61,229,182,720
136,122,124,559
96,202,230,55,779,904,997
512,248,4,551,751,761,817,824
164,301,78,23
8,17,99,0,951
35,284,85,149,763
488,177,379,221,863
1,306,188,615
282,234,5,175,793
332,325,206,551
0,297,106,372,892
218,242,250,52
73,153,3,541,745
81,420,395,388,895,922
40,17,153,285
26,3,422,590,670,946
261,19,554,61,701,979
400,57,180,527,858
5,66,237,239
579,154,29,573
336,17,210,46,774
32,1,603,214
329,66,83,317
531,11,556,278
48,337,586,661
101,179,212,61
61,408,3,85
360,627,173,286,798,920
250,234,43,213
568,64,60,71,725
600,265,562,458,834,942,966,988
377,34,436,17
9,498,36,255
353,306,19,6
289,138,188,30,735,842
99,497,195,461
328,10,499,78
609,211,133,494,713,860,964
516,93,6,572,854
403,275,20,284,863
37,69,141,406,703,800,913,987
128,458,387,7,769
329,185,230,6
312,249,122,454,880
9,107,390,95
425,602,86,15
124,25,388,445,742,989
81,115,38,7
59,61,582,247,947
121,458,259,7,724,835
123,11,438,30,758
563,19,139,126,717,812
160,146,47,551,707
4,45,302,175
465,66,427,407,995
360,210,120,662,762,921
2,111,374,79,729
210,35,686,483,752
9,82,590,1
24,219,643,216,745
328,70,26,78
698,314,207,303
49,52,25,111
360,489,105,535,846
192,97,3,126,937,957
192,609,11,206
185,442,19,4
385,483,683,438
153,507,141,430
99,15,263,7,803,951
74,643,396,271,724
145,697,293,289
40,25,507,495
640,81,67,455,958
0,83,645,208
352,530,611,596
322,348,61,111,954
197,317,446,23
0,34,716,695
440,10,675,6
360,24,11,182,868
368,107,515,38
408,33,387,550,989
328,580,702,158,850,918
1,180,212,335
9,212,5,6,772,995
171,83,5,479,817,870,978
65,90,293,23
49,565,29,94
680,545,196,342,938
137,34,283,397
146,306,290,158,789,924,999
346,53,20,381,844
337,12,486,588,928
576,17,10,125,891
21,60,133,78
568,692,395,411,814,955,956
208,25,67,643
24,217,397,456
400,705,658,80
304,20,565,358,901
70,638,51,190,818
16,25,250,205
33,236,629,7
1,449,158,14
648,121,394,412
136,571,596,703
193,19,489,35
201,559,158,502,765
88,73,274,139,841,979
1,554,47,71
40,89,11,38
696,20,125,7
18,381,261,182
197,169,5,377
648,9,10,158,904,976
17,241,113,701
184,651,124,69
83,604,61,149,898
754,395,13,31,922
585,10,219,15
10,451,7,615
217,564,126,270
116,1,20,687,849
67,66,555,196,818
24,611,136,78,900
731,507,77,599
67,108,621,575
112,666,499,180
493,475,325,6
9,467,292,111
321,282,403,562,860,884
595,406,486,639,887
49,267,87,647
48,3,43,115,927
186,82,395,157,941
145,67,19,15
9,250,4,7
162,506,36,6
153,545,109,15
553,11,564,6
145,155,380,487
116,371,628,246
192,737,84,0
8,396,437,7
192,345,398,255
393,117,250,205,904,943
19,12,654,243
192,281,149,6
328,489,11,116
432,418,188,143
48,17,26,50
673,259,187,6
73,19,29,559,814
240,44,686,31,971,994
240,0,10,75
280,322,372,206
715,261,62,143
635,60,406,143,914
80,57,282,495
489,523,37,22
304,48,68,430
82,427,31,191
3,164,53,76
209,467,461,118
185,66,572,47,865
168,697,2,52
571,284,182,79
138,799,390,742
237,31,229,7
19,442,523,138,865
648,177,732,79,983
25,770,10,747,896
616,37,470,631
575,556,61,615
625,443,620,12
345,11,340,613,961
314,215,21,39,891
648,346,29,7
619,61,334,6
8,545,10,503
570,155,156,157
45,154,123,61,911
344,370,29,6
513,330,37,511
408,249,50,52
625,398,217,334
381,290,531,53
27,676,71,511,876,986
695,380,38,71
81,19,597,55
233,122,19,330,981
72,177,18,87,859,864,998
67,36,7,407
15,45,622,599
35,755,525,54
0,9,419,680,903
210,107,396,387,879
392,105,738,67
523,139,196,236
0,81,330,709
336,249,162,149
123,379,4,278
272,769,482,516,861
729,325,493,438
73,141,270,582
17,19,502,151
43,90,531,302
0,17,684,303
27,116,5,7
0,82,107,390
32,2,85,78
113,67,422,663,913
609,59,838,15
25,683,61,777
48,9,849,7,896
414,260,470,46,907
220,652,197,685
78,42,228,838,875
816,811,10,483,902
0,88,339,101,908
144,186,85,174
385,141,726,39
17,34,373,7,917
43,732,303,7,882
46,186,261,6
148,27,204,71,978
9,554,620,557
392,10,328,349
864,62,10,430,933
185,834,19,405
353,146,35,541,974
16,630,179,6
58,843,29,582
689,67,54,183
115,147,236,155,894
0,870,230,254
0,9,10,520,993
777,482,67,159
35,116,61,271
64,585,639,103,916
144,113,778,283,959
10,170,51,284
8,48,242,83,907
0,73,6,321
740,164,492,823
656,17,10,0
19,154,59,4
9,211,340,881
0,353,659,413
17,818,67,861
473,58,587,155,910,958
80,394,764,6
65,6,71,39
554,771,378,119,944
25,746,37,69
352,865,1,111
633,842,35,503
792,761,124,647
40,275,109,630
32,201,446,8
889,301,17,862,996
505,10,523,866
337,76,429,79
897,92,21,148
8,137,43,828
381,26,341,367
858,142,284,686,935
400,804,285,421,995
0,409,552,126,926
347,98,147,886
73,869,588,225
729,43,444,4,997
105,306,436,14
72,673,205,7,976
232,489,701,81
617,387,659,765
88,34,10,495
737,47,254,591
498,604,605,15
33,915,126,113
38,99,780,230,991
9,115,31,739
449,34,50,39,947
88,449,6,184
10,20,222,39
353,10,393,4
129,130,875,44
469,465,149,254
17,913,244,265
0,346,275,136,993
424,106,4,710
735,15,446,367
290,43,252,550
17,385,25,239
10,475,781,327
329,676,6,39
792,75,395,639
506,2,395,900
441,179,12,20
488,613,661,150
929,562,694,79
73,2,44,31
568,538,116,575
320,11,370,3
307,650,715,29
16,82,206,31
49,507,124,295
186,1,722,114
1,100,742,6
120,226,373,742
159,73,710,63
897,19,7,719
49,68,289,887
306,21,61,47
329,422,12,822
13,380,29,535
625,596,1,545
683,132,637,486
17,42,11,57
296,284,676,5
152,401,107,60
241,83,61,237
27,13,30,7
160,35,32,226
160,800,136,511
275,477,6,327
168,0,342,121
582,338,877,246
248,119,389,79
920,761,611,508
0,572,414,151
872,378,732,196
409,19,662,755
0,24,28,557
515,26,75,837
16,226,403,149
817,116,430,607
9,258,572,286
336,10,67,507
16,474,834,286
11,579,686,438
56,676,46,7
728,0,155,692
112,321,19,12
16,13,261,927
178,355,148,198
936,883,156,7
800,321,11,61
914,731,700,29
1,907,44,141
394,918,110,647
58,3,395,838
360,737,11,15
