1,2,3,4,5,6,7,8,9,10,11,12,13,14,15,17,19,20,21,23,24,29,33,34,36,44,45,46,56,60,61,62,67,71,72,76,80,87,89,96,104,109,116,122,126,129,136,142,157,164,170,181,195,203,206,217,226,230,233,240,241,245,261,262,266,274,284,286,298,304,307,330,338,349,357,358,360,363,371,387,395,400,404,405,414,416,425,426,433,437,440,450,462,464,477,500,505,507,514,534,537,541,549,555,576,582,585,601,603,625,629,641,643,651,665,670,675,682,683,721,726,737,738,758,762,778,781,789,808,815,821,835,841,852,853,872,877,888,901,905,912,927,930,933,944,957,969,989,994
0,5,6,7,8,9,10,11,12,13,17,18,19,20,22,28,31,32,38,44,45,47,48,50,51,52,54,55,57,59,67,80,84,86,90,94,99,100,108,109,114,115,118,122,129,133,136,142,143,149,151,152,172,180,184,197,209,210,215,228,245,259,263,277,280,295,305,318,319,321,327,332,344,352,360,370,378,379,396,419,461,479,489,492,493,498,514,517,529,556,562,573,574,590,621,648,665,695,708,739,744,775,781,783,784,803,805,806,813,828,836,842,859,882,901,910,927,934,960,966,975,995,999
0,7,221,265,296,338,622,783,885
0,5,6,8,10,13,15,18,23,27,38,43,45,71,106,121,124,126,138,151,171,182,183,186,189,194,201,211,218,269,333,340,353,356,377,399,446,448,468,493,495,536,643,655,669,713,715,788,792,793,804,827,887,897,937,944,967,997
0,5,6,7,9,13,14,18,22,24,25,39,40,46,55,69,101,111,146,154,186,194,325,328,331,334,375,391,424,434,453,462,514,530,549,569,572,591,607,619,623,648,736,803,824,859,885,891,924,966
0,1,3,4,9,10,11,14,18,26,28,30,40,58,59,60,74,75,77,101,108,117,119,121,122,126,128,134,140,157,176,179,197,216,248,253,266,278,286,310,322,331,332,351,376,428,438,446,487,497,514,518,524,543,544,552,680,682,707,729,766,991,995
0,1,3,4,16,31,57,71,107,121,139,165,235,245,261,272,285,293,307,310,325,327,333,351,366,432,472,563,592,797,921,935,996,997,998
0,1,2,4,8,12,15,29,47,74,86,93,111,118,119,153,167,196,224,242,253,277,284,286,297,306,324,335,354,381,448,455,666,764,782,883,900
0,1,3,7,11,24,25,27,32,34,35,36,39,43,44,49,52,53,61,67,69,82,104,105,130,136,142,145,155,157,187,189,191,213,215,225,227,236,288,346,355,361,368,407,412,415,420,431,447,452,464,481,510,518,535,542,646,662,736,748,757,793,867,869,879,882,888,938
0,1,4,5,16,17,51,57,61,62,82,119,130,140,149,155,159,187,200,202,213,217,219,223,224,231,274,292,298,347,386,395,405,512,513,538,542,610,677,742,773,817,890,894,904,908,995
0,1,3,5,12,22,26,30,37,43,47,54,58,68,72,79,97,111,146,156,158,191,196,197,211,215,229,232,234,235,238,240,243,316,339,345,354,374,378,383,398,400,404,417,458,480,485,487,499,508,513,521,532,536,541,574,591,599,616,617,620,741,750,772,787,799,810,836,862,876,882,902,940,981
8,1,5,0,19,25,31,33,37,70,81,86,120,137,153,154,171,188,263,319,353,427,498,528,573,653,663,755,762,811,866,948,990
0,1,10,7,14,16,21,35,59,77,81,95,106,133,168,174,177,191,214,275,291,301,313,324,454,470,474,475,504,527,592,653,786,813,822,838,862,952,967
0,1,3,4,21,35,63,80,168,209,470,511,544,579,621,689
0,4,12,5,15,22,26,42,46,73,82,84,95,116,185,270,284,349,385,402,463,488,611,804,907,929,961,989
0,3,14,7,16,27,29,30,31,112,150,303,330,393,398,460,467,480,527,613,630,692,726,779,893,914,922,941
9,12,6,15,17,19,20,30,32,51,52,53,55,65,78,82,92,112,113,153,176,179,207,237,248,256,267,300,318,323,337,389,397,401,403,479,484,545,554,570,594,597,600,615,620,631,716,742,772,777,845,852,905,907,928,950
16,9,0,1,529,860
1,3,4,5,25,26,39,45,49,66,67,86,110,116,144,156,220,234,246,259,298,324,329,330,341,401,409,410,437,482,552,577,649,698,746,832,889,909,962,968,988
16,1,11,0,20,23,28,37,38,252,258,307,561,585,691,802,849
16,0,19,1,21,23,27,54,62,68,70,77,88,102,110,117,124,128,137,139,144,150,154,169,187,201,220,232,255,281,309,344,367,374,402,403,416,439,441,456,475,510,538,575,619,622,633,687,695,698,761,786,839
0,13,20,12,24,41,68,92,127,162,164,167,268,272,417,423,436,457,481,492,549,562,651,691,754,764,791,845,949,959
1,10,4,14,32,78,97,123,137,146,211,244,249,273,283,319,343,357,382,412,519,588,649,682,697,776,864,959,961,991
0,19,3,20,34,40,42,65,68,78,94,100,104,127,130,133,138,274,285,319,368,395,396,418,464,465,476,497,560,577,677,703,727,747,856,897,915,934,947
8,0,4,21,33,34,43,47,49,74,91,98,106,129,155,165,176,313,384,431,663,705,763,815
8,18,11,4,29,40,42,115,195,216,237,271,288,290,302,404,445,483,488,509,511,540,543,584,599,628,656,679,759,763,818,837,843,852,858,942
10,18,5,14,33,50,123,135,152,225,247,272,568,654,676,723,837,905,950,977
8,3,20,15,28,48,79,81,84,109,120,134,172,173,174,236,257,265,339,361,386,400,465,537,551,732,754,814,907
27,1,19,5,127,163,268,621,898,964
0,25,7,15,44,55,61,64,77,83,104,137,206,223,347,450,501,614,618,634,649,814,835,919,987
16,10,5,15,35,36,39,52,73,79,85,88,111,114,132,162,177,220,227,247,280,282,301,306,359,361,380,462,470,540,551,595,622,670,707,760,769,792,896,960,980,983
1,11,6,15,53,66,214,228,293,313,350,491,610,766,770,841
8,1,22,16,41,42,53,56,71,72,96,102,107,134,158,292,294,364,379,403,445,451,588,592,751,786,802,816,973
0,24,26,11,36,37,41,56,58,64,159,181,257,449,538,718,834
8,0,24,23,38,50,91,95,109,110,142,174,185,189,193,219,260,339,341,376,397,519,557,563,627,632,639,700,749,828,880,938,940
8,12,13,30,83,93,105,125,138,139,143,158,159,175,188,264,278,325,334,346,362,373,381,493,502,526,528,542,558,606,686,727,759,785,790,943
8,33,0,30,99,182,212,241,453,837,996
11,33,10,19,48,66,89,118,125,131,134,184,218,266,269,348,393,521,664,715,811,943,949,963
19,1,34,3,60,94,105,126,209,222,253,357,367,385,463,542,594,605,658,681,682,848,890,906,926
8,18,4,30,41,58,87,122,159,178,180,199,232,282,296,341,358,433,461,488,535,553,584,622,660,701,767,842,911,912,987
25,4,5,23,64,73,75,76,91,115,132,166,184,226,235,238,254,270,294,295,323,328,405,501,523,531,615,631,650,662,698,704,781,807
32,33,21,39,56,60,63,73,87,98,106,108,124,148,186,198,223,224,247,251,255,266,267,299,306,367,377,390,430,455,485,568,613,678,685,688,740,826,836,861,946
32,25,14,23,48,69,79,141,289,422,423,482,580,669,707,911
8,24,10,3,59,63,123,199,370,412,741
0,1,29,8,49,65,113,128,143,208,414,568,807,852,883
0,1,18,3,46,66,135,256,268,416,434,517,541,553,567,587,777,790,956
0,4,45,14,80,90,242,370,426,439,454,473,491,634,693,714,723,747,802
24,1,10,7,103,156,255,283,408,611,654,719,771,851
1,42,27,37,50,54,112,222,241,388,426,671,752,897,916,926,980,983
8,24,18,44,51,237,277,281,286,518,567,752,823,895,923,931
48,1,34,26,114,147,179,180,372,431,526,546,548,587,715,722,898
16,1,9,49,57,155,201,231,264,310,330,447,531,581,672,696
16,8,1,30,63,151,161,226,275,284,299,334,349,354,363,379,392,488,512,565,588,659,750,843,845,861,924,972
32,16,8,31,93,117,171,177,259,369,379,409,483,693,733
48,1,10,20,133,398,694,793,863,969
16,1,4,29,62,70,96,141,279,355,508,776,855,919,965
0,41,32,33,64,120,135,204,346,390,442,501,503,623,703,719
9,51,6,1,74,147,162,165,169,282,298,318,378,396,427,494,672,674,743,769,813,823,889,990
33,10,5,39,65,81,92,108,110,132,162,225,267,303,346,450,593,630,962
1,43,12,5,100,157,228,287,292,295,435,569,596
0,41,5,38,84,85,121,175,185,190,204,244,250,315,399,405,428,512,517,530,541,561,569,577,612,651,658,690,829,831,857,931,957,984
0,8,29,9,148,161,206,305,552,660,982
0,9,20,55,70,76,191,239,640,666,801,858
41,43,52,13,154,213,357,373,688,921
56,33,40,29,131,172,196,198,207,239,243,250,289,326,342,375,478,546,655,725,824,981
16,58,44,23,75,141,183,190,198,276,375,428,477,492,521,703,770,941,970,977
18,45,37,31,69,85,113,352,702,720,920
8,0,18,1,76,85,167,194,397,406,662,752,902,921,943,959,965
10,20,21,23,72,95,97,112,170,199,200,219,264,302,550,553,567,673,705,805,820,834,882,914
8,66,4,42,92,128,207,216,350,366,414,496,524,760
11,20,62,55,93,131,193,229,230,267,277,308,309,312,343,386,496,698,723,759,768,780,816,841,931,975
32,0,3,6,88,139,166,179,400,459,556
32,0,10,68,83,101,242,256,355,469,642,869
40,41,30,14,75,221,416,458,697,706,708,713,767,963
24,57,5,7,78,164,197,247,331,777
73,65,40,5,83,97,98,102,103,107,117,183,212,248,253,257,289,304,326,335,347,358,419,598,826,908,998
0,40,67,62,99,115,202,203,210,269,311,341,369,376,387,470,556,705,725,739,807,826,858,878,899,907
29,5,12,20,89,153,156,168,202,246,258,321,322,417,432,492,577,582,600,628,657,744,755
16,74,22,23,175,224,365,447,544,590,758,796,814
10,27,42,30,127,138,144,218,309,312,432,479,511,525,595,607,646,684,732,931,955,964,989,993
0,1,13,46,87,90,96,105,148,171,194,211,251,312,320,323,387,460,525,613,633,659,855,955
27,58,11,12,88,161,187,208,332,651,745,818,911,967,970
8,16,14,9,102,114,279,285,356,388,413,527,578,683,837,865,880
72,75,35,29,90,91,143,147,205,229,239,240,407,483,548,609
1,27,60,14,98,490,502,512
66,67,60,30,89,152,163,165,210,212,219,302,311,314,326,443,522,570,572,583,608,900,958,968
1,18,11,7,103,118,123,173,220,287,383,392,403,404,436,439,502,558,572,586,625,749,795,847,887,891,941
80,41,0,39,103,132,173,192,193,276,308,372,475,590,639,688,710,917
81,20,30,71,444,717
0,37,77,85,94,120,145,175,208,223,246,435,595,639,960
80,1,83,46,125,297,324,597,636,961
40,24,34,83,152,235
16,21,58,69,107,116,204,254,306,415,457,948,952
35,53,70,7,99,101,119,181,287,291,360,388,510,516,551,795,902
89,1,38,23,380,653,774,816,941
34,68,12,14,100,557,618,736,739
80,0,32,55,456,472,659,677,692,779,820
10,75,68,22,534,656,985
24,41,75,84,265,739,973
1,36,93,76,124,145,148,166,170,236,261,422,468,566,568,571,635,734,971
1,59,95,23,338,559,640,920
72,5,4,93,130,135,212,394,601,660,775,800
32,82,75,20,129,222,299,984
75,87,86,47,140,160,308,537,617
8,0,29,23,151,225,287,391,491,509,646,672,718,840,877,928
8,35,80,38,113,141,311,325,424,510,539,695,974
24,41,3,12,231,292,533,667
32,75,92,6,169,203,215,327,372,398,428,534,574,611,819,932,949
1,58,5,41,170,188,242,269,273,283,401,478,627,742,792,844
0,1,34,27,340,439,478,565,589,856,970
58,18,34,20,305,579,690,806,815,958
10,4,30,7,147,176,366,390,515,716,870,916
16,48,68,15,149,200,271,442,483,644,738
16,105,66,44,189,190,474,661,831
1,50,82,30,355,575,583,617,658,787,792,795,932,948,999
40,25,76,1,163,167,184,200,205,265,427,548,549,647,766,947
0,18,92,14,230,588,675,847
53,75,20,5,243,335,779,878
1,37,86,7,301,547,913
9,5,93,7,188,385,594,902
56,11,27,89,192,288,415,421,441,810
3,60,5,6,182,203,264,491,676,969,979
0,1,5,39,125,313,459,507,820
26,43,86,22,221,230,297,393,979
3,41,99,20,192,208,250,317,353,418,670,819
37,122,35,90,146,161,178,288,312,314,345,485,613,710,738,800,802,818,980
0,3,5,38,294,458,820,962
28,21,79,23,150,214,236,278,364,369,486,528,589
5,20,69,44,136,185,356,425,525,548,886
24,1,102,0,186,195,234,249,251,293,303,344,350,390,419,524,604,629,676,785,822
8,9,101,23,131,198,297,430,454,597,648
64,130,37,70,144,166,249,316,410,412,516,560,680,710,750,791,816,883,955
40,58,30,87,174,201,233,323,574,655,708,758,863
1,12,54,23,140,338
32,5,27,37,372,466,504,545,624,872,898
56,26,101,45,273,399,746,754
8,1,128,0,689,919
11,20,29,22,145,163,205,270,285,307,362,490,555,585,895
3,35,79,23,444,954
35,20,6,71,150,164,268,271,421,573,656,737,809,894,935
9,5,133,103,160,193,515,556,621,656,857,860,875,945
65,42,105,55,172,173,222,244,260,282,406,413,504,554,701,704,770,784,988
0,8,34,1,602,974
1,83,44,35,160,168,182,250,258,326,668,834,856
18,131,20,79,300,317,435,448,495
8,89,137,99
10,4,125,22,149,160,237,744,768,787
57,50,83,111,353,992
80,41,99,61,453,590,986
112,9,146,1,345,425,500,559,632,895,952
139,20,127,15,177,255,573,968
104,1,3,52,217,257,596
1,26,91,85,359,462,476,564,636,704,720,796,821,889,929
16,11,77,7,294,533,831,942
11,4,20,63,199,363,471,706,711
8,9,51,24,503
10,18,77,47,158,337,482,529
0,8,59,5,192,362,441,487,532,841
32,10,35,156,446
9,35,33,39
143,146,140,103,463
81,61,52,125,196,249,280,322,348,349,376,442,473,562,614,706,755,756
57,58,21,30,183,240,263,333
137,115,28,85,169,180,497,686,717
0,74,139,21,202,423,460,608,729,848,874,892,971
24,57,85,6,343,411,854,890
40,99,131,71,181,205,226,262,365,480,586,693,724,751,944,953
67,115,21,7,178,214,231,329,716,932
13,12,77,143,819
107,57,163,20
108,0,99,68,337,364,484,558,808,824,920
80,11,3,53,229
64,1,27,141,278,333,624,726,804
27,141,86,87,790
34,27,132,12
89,35,60,78,207,238,528,661,759
24,16,5,111,178,380,909
150,12,53,30,210,254,281,320,458,513,615,634,635,644,764,928
176,167,125,39,228,252,336,360,370,374,638,866,886,946
16,50,5,71,234,241,316,499,547,712,846
1,50,163,39,206,221,311,356,668,774,869,997
0,33,93,166
121,3,36,143,598,626,645,669,925
3,65,162,75,195,245,271,296,320,393,496,511,733,819,829,911,923,925,982
40,1,115,37,232,539,697,730
128,34,60,14,217,396,602,868,880,937,995
129,3,4,41,351,389,650,731
8,81,20,9,190,204,238,239,279,321,432,546,641,685,722,746,891
11,35,108,119,408,506,876
8,113,34,3,812
65,187,60,113,455,471
8,10,12,62,560
120,124,157,87,260,598
34,140,70,87,218,252,293,481,557,604,623,976,978
80,67,3,4,213,216,260,289,387
0,129,25,183,251,440
64,161,10,7,209,233,270,406,435,442,737,933
1,74,10,5,354,382,601,761,785
64,65,130,41,358,927
154,43,68,39,246,263,279,300,309,434,506,547,846,875
112,9,115,68,227,283,368,640,780
51,3,132,20,233,467,524,555,593,782
9,164,77,76,280,281,310,328,538,560,652,673,850
0,121,107,76,300,498,585,696,811,930
56,187,60,92,262,303,553,775,823,916,978
137,83,115,166,244,366,420,499,544,673,675,746,831,850,888
0,29,180,61,259,304,363,501,707,757,826,856
16,64,69,175,384,456,755,863
89,81,124,44,274,336,384,388,956
1,196,13,38,539,853,968
177,76,85,1,339,960,996
80,10,3,22,444,477,805,917
101,75,36,85,666,853
8,9,194,63,275,461,515,714,777
167,31,12,127,258,342,348,411,627,978
8,1,10,107,334,407,632,735
25,194,5,69,291,728
0,9,185,151,320,322,371,377,378,418,973
193,3,37,79,272,373,495,641,888
9,34,68,85,290,411,559,695,886
86,18,20,30,342,679,685,768,780,791,840,959
73,2,123,180,359,443,453,594,619,693,833
38,48,141,102,248,304,571,725
89,41,29,9,380,383,433,434,437,451,984
9,7,78,41,227,254,789
104,8,58,26,543,788
40,0,52,166,343,436,694
200,8,30,224,979
1,178,59,31,769,838
10,83,171,70,391,466,558,592,648,731,778,780,807
0,123,116,70,359,761,772
9,106,51,167,256,348,645,867
184,10,20,39,243
0,132,196,201,301
18,129,10,179,410,681,761,991
40,10,91,6,252,394,471,504,776,884,981
99,8,27,127,535,843
16,49,146,25,345,474
40,10,187,175,316,382,389,441,467,576,581,637,731,939
64,83,187,62,385,389,423,740,896
0,83,162,10,521,591,671
48,0,179,36,299,315,331,369,459,495,554,716,741,842,867,914,993
72,108,46,7,321,463,477,581,719,753,803
64,232,10,117,647
205,60,141,22,419
0,1,6,183,515,578,732
89,18,77,199,518,559,603,794,818,910,951
41,26,74,30,494,532,727,830,889,945
16,75,5,222,317,793,794
161,129,131,22,276,291,587,655,686,751,765,992
64,124,60,143,261,449,756,798,964,972
80,41,129,195
19,193,178,235,335,808,833,850,917,950
75,5,38,7,563,924
224,177,40,92,342,352,457,565,728
41,20,150,47,452,640,718,721
72,16,45,231,764,767,804
33,75,27,151,290,602,787
19,77,214,143,262,317,329,896,987
1,18,53,206,314,445,587,593,630
192,194,34,141,451,531,575,578,579,586
0,250,99,6,523
0,258,204,166,413,464,550,561,620,636,645,774,809,817,871
1,162,11,199
35,51,68,121,567,829,970
2,115,98,27,305
0,41,37,5
16,41,58,70,273,336,367
21,139,28,45,468,581,867
3,108,37,76,451,643,790,974
40,137,196,14,276,318,392,429,486,788
112,25,139,183,414,525,540
218,26,21,6,275,314,315,425,519,547,576,599,626,678,687,789,929,979
267,108,22,135,478,731,752
0,9,208,23,430,715,832,874
272,12,52,213,295,351,394,662,713,868
65,249,270,87,290,365,383,474,699
49,7,70,1,892,956
35,172,5,127,397
82,187,55,199,371,564,659,861
161,202,30,1,296,327,340,571,589,652,956
49,202,177,20,384,629,646,735
57,141,30,39,421,672,710,765
200,108,22,47,328,616
0,52,14,7
137,82,6,23,484
0,49,5,7,332,703
104,59,93,86,347,489,505,562,661,858,877,983
8,25,120,125,984
64,194,75,42,583,616,690,721,854,873
25,219,276,257,417,745
216,249,12,93
32,9,106,59,337,424,497,833,900
193,129,6,31,386
40,153,32,126,422,473,520,533,596,730,748,772,939
275,1,40,59,302,418,427,444,733
280,183,2,39,617,985
90,123,7,130
0,9,18,57,443
41,52,241,102,508
16,203,144,199,448,904,909,966,969
233,118,12,30,392,604
25,68,85,295,494,724
129,58,204,15
0,75,206,222,551,758
265,61,110,1,420,566,977
41,92,30,7,500,842
0,137,19,6,308,336,364,481,489,608,668,887
307,103,70,87
199,20,70,79,340,454,743
202,51,5,6,315,796
105,180,85,76,771
80,125,70,79,329,449,484,722
24,122,12,31,642,663
272,125,259,85,352,449,466,603,697,730,810
272,241,60,310,744
10,179,131,238,469
248,258,124,144,468
16,57,1,270,989
1,11,22,23,570
80,177,217,183,951
1,242,187,77,375,401,406,508,509,601,635,638,657,701,825,938
217,161,77,5,912
16,40,80,132,532,821,990
18,12,90,7,350,486,694
105,35,4,6,520,523,684,797
64,75,85,143,422,429,687
280,1,107,6,381,569,619,825
40,202,283,4,377,626
312,258,18,167,452,516,612,690,796
0,18,51,15,530,609,636,696,778,811,906
241,74,4,5,947,994
81,5,286,1,669
162,3,172,6
35,52,4,215,892
75,252,117,7,344,362,408,440,443,445,742,745,893
208,307,178,267,365,415,459,869,881
16,170,156,292,475,605
0,2,100,133,625,647,714,743,784,933
10,210,27,34,457,685
280,3,309,109,753,836
18,76,34,39,627,829
64,220,214,254,535,610,671
70,226,165,22,990
1,129,20,335,472,597,872
237,10,125,149,413,586,892
56,8,58,35,565
9,75,29,287,438,580,701,983
161,37,214,231,503,677
0,161,52,14,516,545,948
129,324,69,31,702,766
186,275,5,6
1,66,314,254,431,486,589,747,919,974
11,3,147,124,426,893,976
10,52,197,7,373,408,429,455,507,599,665,765
8,114,72,55,374,399,409,456,520,593,596,630,817
128,82,3,180,391,472
0,38,22,63,361,368,505,737,870,910
0,75,198,39,420
152,221,30,230,620
0,1,178,93,684,878
8,27,357,30,988
137,35,157,335,436,467,598
0,154,52,206,438,915
32,170,307,127,485,859
336,276,166,78
69,205,6,111,893
41,267,20,38,482
8,200,357,23,371,500,564,993
241,76,53,127,424
1,178,43,46,487,653
0,217,368,279,382,402,604
50,107,134,87,608,762
218,35,354,63
178,10,355,20,394,773
321,65,64,4,409,633,679,797
161,34,76,5,402,578,674,740
328,217,3,41,421,513,566,749,848,855
1,10,217,57,582,614,748,849,857,975
32,1,52,53,381
176,30,94,223,572,665,923
35,379,7,327,450,681,783
371,197,238,22,607,830
10,276,86,223,502,509
24,281,208,207,692,963
38,239,14,119
9,27,293,70,946
0,194,80,76,763
48,82,93,208,429,480,523,799,812,883
16,186,238,239,411,849
56,41,129,111,410,461,505,637
104,356,4,229,728
52,301,86,270,876
123,15,37,183,395,519,846
275,101,374,235,476,768
0,393,9,23,493
185,57,1,23,757
16,34,67,278,465,600,606,624
10,107,54,15,851
355,3,60,135,407,678,797,939
0,10,27,71,936,945
16,321,18,108,430,476,913,921
376,371,20,14,438,469,489,743,825,870
32,16,20,86,827
0,25,10,86
0,9,40,60
321,67,196,141
399,8,83,215,735,999
354,188,47,335,546,972
18,355,53,375,473,634,862
234,18,131,390,533,763
214,219,165,389,726
8,43,131,22
345,82,141,262
0,44,69,271,440,465,667,730,821,857,899,952
8,336,120,92
0,73,20,45,522
10,77,290,21,466,552,584,610,767,945
217,124,295,23,885
1,129,75,244
8,305,205,358,650,982
120,377,282,139,539
294,42,99,326,814
42,164,21,239,496,699,747,781
105,4,369,292,437,522,638,782,832,878
128,0,149,272,657
0,353,48,46
115,57,11,295,479,612
65,107,60,5,681
326,354,388,270,469
274,41,130,401
352,24,50,8
187,77,6,79,433,644,689,732
0,39,432,223,471,720
199,4,45,223,683,800,839
144,89,59,196,490
362,226,21,86,639
424,0,18,223,530,650,806
363,402,347,5
86,20,109,46,631,873
0,195,414,335
120,20,157,238,447,580,638,652,806,817
56,161,196,112,446,916,954
298,85,221,335,564,628
88,138,211,295,680,687
32,25,259,335,633
442,3,5,158,452,540,823,904
8,441,51,78,583
144,3,300,7,760,800
312,33,314,250,855
0,58,29,381,460,522,644,834
32,260,269,223,555,936
8,329,446,255,527,606,708
148,4,36,221,494,683,724
130,12,309,46,824,827
41,354,190,7,531,680,809
96,355,20,207,503,507
339,92,21,254,712,895,901,994
73,10,177,126
336,241,122,71,751
80,450,164,15,678,774
1,213,390,39
152,0,4,30,899
160,242,38,14,626,953
8,0,262,23,637
27,397,414,23
417,314,229,134,828
201,362,238,15,661,667,711,850,934
3,99,268,317,609,645
72,402,316,429,506,692,917
12,13,30,76,724
433,154,235,190,664,674,980
344,356,96,6,637
46,161,409,294
113,12,276,237,853
337,12,20,87,550,727,918
152,401,394,23,561,702
0,65,242,211
64,273,108,109,903
16,1,427,79,499,595,711,908
10,388,166,15,534,713,909,951,965
8,193,307,21
18,156,42,367
112,25,83,53,490,891,940
16,170,312,285,543,783,894,926
41,10,364,125,536,550,575
352,324,270,127,571
5,10,157,370,657
25,52,14,39,584,835
1,402,307,287,506,609
137,483,84,435,699
104,121,46,31,702,720
65,77,21,1,900
3,1,35,395,847,954
57,453,302,247
144,241,218,3,498,928,986
423,69,70,183,529,616,632
163,292,5,23,944
11,1,203,495,918
10,179,205,479,580
368,0,306,149
40,56,29,206,741,862
35,84,86,383,700,748,905
456,56,155,348,629,670,830
235,12,141,134,536,647
0,357,390,287,721
489,188,469,199,658
0,122,354,456
321,10,299,55,838,840,866,930
321,25,104,383,570
8,105,20,93,563
25,13,183,79,526,624,918
9,52,60,84,517,649
177,10,377,9,520,652,875
0,1,4,5,618,689
213,140,245,111,628,734,844,965
329,131,93,349,618,822,865
512,1,60,45,844
8,49,5,246,591,600,762,976
272,393,34,22,537,606,786,987
513,355,325,294,700,997
240,65,10,37,526,881
416,450,85,424
40,261,388,325,904,951
201,129,69,5,603
128,80,79,271,545,801
521,50,35,511
82,452,12,15,625
11,35,127,175,667,706
496,17,156,1,602,709
330,4,437,60
40,51,260,455
10,323,157,247,605,664,985
153,410,294,106,557,785
480,97,107,0,699
8,236,342,39,734,738
504,10,3,485
0,27,519,103,728
33,202,20,9,709
184,105,209,421,798
25,30,446,271
0,10,60,45,871
8,9,35,38
25,5,484,225
13,5,205,78,666,771
16,525,349,134,642,784,851
64,50,187,408,576,605,839
272,179,118,199,799
128,83,50,115,566,854
0,115,4,21,554,582
475,68,485,262,696
304,27,93,30
417,18,61,5,936
45,204,39,68
16,241,549,141,663
0,201,137,451
1,140,71,76,729,776,789
193,34,533,95,946
170,35,229,86,722,879
219,100,149,246
191,202,131,23,966
476,19,60,262
1,161,21,287,643,854
34,253,6,510,972
368,443,152,279,749
346,52,109,254,822,988
377,99,548,305
264,49,68,45,712,996
41,26,99,44,864,881
59,4,60,327,615
16,509,85,319,660
280,99,222,486
4,380,85,86,579,874
11,1,139,150
1,10,107,132
485,114,20,260
0,272,546,238,623,671,675,799
18,60,77,23,957
376,82,260,245,607
260,572,13,110,612,688,712
441,42,347,499,846
242,51,268,238,611,886
0,378,77,549,912
289,114,85,447,735
488,25,417,39,714,753,809
19,137,203,0,794,847,967
345,260,166,86,849
249,50,259,45,718,801
32,116,52,22,635,725,733,975
352,280,109,127
1,148,78,87
240,10,4,518
32,12,229,6,773
355,201,58,259
16,221,38,119,810
89,479,30,79
59,355,294,151
344,16,130,90,765,924
192,362,75,182
272,25,354,10
16,77,518,397
0,321,101,197,642,674
142,257,185,529,673,775
0,314,524,246,879,906
129,371,193,301,812,851
337,546,532,38,717
35,452,397,519
578,4,382,79,654,913
164,307,372,85,614,750
489,330,83,468
417,9,342,31
107,581,14,47,641
329,579,60,427
80,41,125,15,864
608,161,378,29,779,887
16,177,40,569,676,879
496,289,10,283
296,114,10,103
514,516,29,95,915,918,949
20,4,221,327,985
16,10,262,359,971
1,28,13,140,631,694
2,20,30,39,871
576,193,56,4
172,397,134,511,922
0,338,86,527,756
272,328,182,463
34,108,341,214
25,515,77,443,664,771
0,129,281,503
355,58,259,15,760,861,874,963
16,40,621,439,832
496,34,149,215,668
80,20,445,375
409,177,29,46
99,321,177,588
152,330,90,262,691,803
472,464,390,238,723
424,321,178,441,788
89,34,436,87,838,915
200,100,62,255
0,218,611,187,798
72,313,601,545
0,562,3,269
112,177,450,432
468,262,182,231
104,281,8,79,930
504,338,115,243,920
1,130,4,229
512,18,29,22,700
40,186,420,437,805
0,81,60,21
280,513,202,441,745
370,11,12,94,654,870
26,653,607,47
64,249,3,132,717,936,998
97,139,140,25,840,993
321,425,77,487,864,897
114,506,60,38,794
96,80,52,279
570,61,101,39
175,467,113,287
8,67,40,275,679
24,313,554,11,801
532,628,37,471,729,860,925
0,1,354,380
544,212,62,7
528,106,467,414
632,307,180,143,740
42,3,332,182
0,124,30,503,686,898
240,48,576,342,778
104,57,282,51,828
202,602,68,205,705,935
376,601,57,471
0,576,116,205
129,26,121,615,827
96,9,348,23,734,860
272,41,460,399
25,220,662,375,753
131,444,5,455
234,428,381,38,684
0,38,5,22
0,434,82,453,691,773
360,681,325,79
41,339,187,220,736
249,163,670,35
272,444,20,326,719
41,579,63,87
432,136,514,13,835,977
329,60,110,289,757
21,19,636,683
96,384,469,15,798
46,221,53,166
226,324,621,54,709,830,914
1,219,20,105
51,330,203,550
184,73,314,22,884
40,18,20,70
490,276,534,423,709,922
520,649,34,502,704,843
321,347,141,39
66,491,476,350
56,65,286,23
152,40,700,141,871
24,673,76,68,711,877
528,73,154,161
42,206,5,30
73,1,452,132
529,538,699,694,813
282,131,125,87
705,154,467,479
457,579,179,567
480,73,275,3,791
584,338,213,46
274,3,50,37,769
16,241,111,167,756
88,163,605,655
104,33,587,255
56,687,242,47
152,433,66,491
0,289,505,255
312,50,187,558
70,26,637,46
302,453,470,166
64,588,222,76
0,411,172,15,986
35,23,475,247,863
216,537,254,391,935
664,164,556,5
184,294,314,414,890
273,186,229,238,868
432,27,245,79
183,588,53,295,923
515,99,677,535
281,215,583,407
8,4,685,95,782
0,139,196,357,754
0,112,125,535
1,98,76,95
376,41,668,239,808
241,10,43,501
16,9,108,335
57,338,309,402,939,978
1,146,315,77,913
81,290,652,335,795
18,187,205,135,812
352,23,46,423
8,294,378,502,844
377,34,564,86
608,10,131,52,880
32,249,459,166
48,273,67,49
584,242,340,679,998
737,27,21,135,894
161,11,77,207,910
625,250,161,716
8,690,396,206
304,0,132,78
25,35,70,175,922
448,630,69,30
234,20,197,230,770,833
0,11,372,518
24,25,410,387
256,177,21,7,937
249,354,282,597
115,5,350,31,953
256,73,417,39
146,220,70,394,927
57,715,228,30,865,885
65,761,141,31,845
544,628,47,311
16,10,294,230,815,943
592,9,683,374
460,180,94,262
1,602,204,101
235,556,22,55,926
213,16,74,45
0,330,229,671
96,117,614,15
200,220,229,70
0,1,40,423
736,201,424,7
1,2,484,381,938
545,338,141,1
129,533,35,197
32,12,20,519
257,146,10,114
225,3,638,270,873
224,272,556,0,899
35,269,45,173,932
713,131,220,21
114,3,108,30
248,8,3,54
248,585,658,246
745,114,93,86
152,329,78,310
399,325,6,375,934
641,250,539,692
576,10,547,388,825,992
448,434,125,101,865
587,525,62,663,962
32,19,125,46
1,242,636,4
256,3,172,14,954
1,650,211,68,859
441,437,110,1
40,44,229,76
0,170,740,252,986
584,139,262,455
120,314,10,594,958
11,330,203,37,982
388,746,604,189
57,12,709,1,958
27,422,29,78
24,0,772,110
32,94,131,70
441,355,9,262
81,25,125,246
168,107,124,183,947
96,122,68,126,896
0,323,152,414,884
129,565,516,12
49,204,446,57
64,170,4,454
321,402,327,799
41,75,76,206,906
3,676,403,454,839
672,1,466,34
264,60,341,183
503,694,382,247,868
153,60,205,113
424,18,274,631
221,761,292,252
33,450,68,143
0,689,29,488
41,10,340,1
25,26,36,82
228,508,12,639
434,827,20,546
104,656,220,508
0,157,70,31
241,306,1,39
25,700,52,236
748,515,108,517,848
16,770,52,21,866,884
393,179,580,199,872,973
585,116,493,86
377,164,844,38
586,19,389,378
202,467,252,205,873,961
545,604,398,47
16,25,44,0,881,940,964
0,209,474,212
289,562,548,165
80,449,377,55
23,109,206,143
140,378,60,414
25,76,62,287,876
364,1,4,805
664,17,140,677
41,52,630,279
409,10,12,501
727,132,54,207
568,657,613,22
800,769,82,516,901,903
178,11,508,845
8,241,268,231,992
185,275,830,731,908
72,8,336,180
402,357,653,111
704,541,622,262,875
344,0,134,846
289,850,788,439
274,164,572,630
513,871,140,199,950
392,10,188,858
104,0,705,287,955
360,76,117,424
8,603,558,615
185,82,34,750
568,521,336,852
8,1,10,68,999
131,388,44,7
697,821,845,235
769,418,2,4
128,178,219,581
3,614,307,86
0,8,218,205
152,57,18,247
9,730,165,38
483,4,187,86,942
345,164,277,334,903
353,15,366,335,925
9,754,139,484
49,137,457,149,903
258,820,30,239
48,657,3,23,933
50,670,28,134
414,76,789,462,953
492,292,85,7
0,457,1,865
10,67,93,119
865,892,478,895
9,523,300,446
16,0,26,502,981
826,603,330,38
16,27,76,14
9,75,868,479
176,480,18,300
1,755,357,246
81,42,39,183,957
0,322,582,39,942,994
744,401,118,607
241,68,694,15
618,363,23,639
48,442,204,111
211,252,469,87,937,971
498,618,475,511
352,29,136,55
170,100,66,647
401,67,6,63
624,759,699,15
49,380,733,183
253,4,52,597
664,893,182,183
48,776,484,38,929
0,1,198,768
104,177,16,495
152,272,926,14
0,203,508,646
49,60,70,79
114,107,790,167
0,897,338,196
1,467,797,23
728,673,139,6
552,451,400,655
185,3,764,917
8,321,34,783
399,294,238,743
10,483,852,34
65,94,86,15
912,153,891,25
35,67,772,37
0,497,3,166
400,417,140,247
41,178,557,386
819,331,115,23
114,11,92,349
21,618,107,37
16,26,875,252
480,320,523,246
12,149,414,92
899,166,766,463
442,804,493,138
80,131,877,79
280,277,45,208
0,577,60,911
810,813,85,110
67,220,21,22,976,991
89,210,30,1
90,850,22,14
801,58,18,126
384,73,37,630
250,852,28,79
480,67,515,55
560,1,300,4
81,585,3,12
209,18,85,150
0,121,300,54
264,81,109,65
164,99,620,917
408,250,563,52
32,217,98,846
352,105,269,142
1,378,588,70
353,193,518,959
65,26,689,305
193,204,214,743
272,121,227,123
48,125,30,471
64,905,10,235
811,420,61,183
48,347,30,287
288,60,102,223
296,97,619,532
808,148,726,495
258,519,29,39
361,18,565,141
0,14,318,79
11,57,323,343
234,5,22,959
867,249,147,799
656,241,368,79
0,457,331,912
9,185,5,1
210,36,6,567
520,3,180,6
753,75,6,655
1,882,114,407
