878.194
871.03
863.888
851.037
834.607
819.317
803.482
791.442
764.06
753.969
729.018
706.264
698.896
679.182
671.651
651.3
632.225
612.995
595.791
585.131
565.659
556.275
529.624
527.688
515.02
481.88
496.544
483.32
468.449
445.147
435.73
418.59
412.418
394.817
398.227
375.729
367.126
360.195
357.044
338.114
343.215
326.458
325.058
304.274
298.72
284.238
284.134
288.792
283.838
268.297
256.379
257.968
250.511
243.42
240.429
235.473
232.287
224.853
233.553
225.934
219.276
210.66
215.918
208.229
