813.711
796.563
790.365
772.829
746.316
724.911
705.187
692.313
664.129
639.348
611.177
600.826
584.782
557.04
539.021
524.174
519.064
477.765
469.956
448.123
426.191
415.607
393.911
384.758
365.753
350.777
336.562
318.132
310.586
295.422
276.403
279.025
271.132
258.575
242.77
240.094
228.385
223.052
217.005
213.304
203.717
204.688
194.054
185.227
184.124
179.193
174.092
175.964
165.467
159.163
163.672
161.813
160.554
155.36
150.698
151.093
147.474
143.016
143.409
143.323
140.841
140.128
133.628
131.794
