934.09
932.05
929.163
921.319
914.545
902.278
890.623
880.285
867.091
859.741
843.183
829.131
819.756
806.429
794.479
781.069
771.615
759.39
746.176
736.832
726.647
715.306
698.231
687.359
676.709
670.752
653.107
644.489
641.617
629.444
618.814
610.201
602.153
593.531
579.533
580.956
576.331
560.38
558.536
546.686
533.865
534.101
521.744
515.383
503.291
501.547
489.474
489.237
493.855
477.076
472.765
472.207
458.647
471.315
446.498
439.479
430.32
438.827
421.843
421.284
419.071
409.754
403.851
402.839
