951.691
951.118
948.243
943.66
938.211
930.178
920.967
909.41
904.473
891.329
884.975
876.849
860.095
855.733
840.384
833.581
823.114
813.422
800.536
796.44
787.494
785.825
766.188
758.883
752.142
735.71
736.197
732.836
722.783
716.012
702.062
692.65
680.278
685.796
671.334
663.098
664.341
651.747
649.27
633.518
632.952
628.052
613.104
610.842
602.726
598.195
594.065
594.96
581.825
567.847
566.727
566.06
560.403
558.793
546.743
560.091
539.648
537.394
529.085
516.743
529.352
513.076
510.452
507.335
