946.104
944.65
940.734
935.625
929.975
920.202
911.71
898.808
892.765
878.804
870.99
861.195
848.314
843.703
829.721
816.634
805.69
792.325
776.43
777.342
763.018
751.134
742.266
739.446
725.29
721.543
716.753
692.026
689.471
682.553
672.238
657.511
653.968
648.015
641.56
640.152
624.817
614.189
613.071
605.742
593.579
596.815
582.617
568.013
571.469
561.766
566.279
555.867
537.626
552.321
540.823
540.325
521.515
523.358
514.503
516.262
511.1
497.957
491.414
490.523
491.582
480.493
478.152
475.553
