920.576
916.295
914.032
901.987
891.827
885.363
868.529
851.998
834.826
819.947
807.669
792.899
777.634
764.266
747.197
735.542
720.954
716.739
692.65
673.45
670.771
660.197
644.365
632.249
612.7
602.375
603.464
576.611
573.193
553.399
547.046
553.043
535.037
522.742
522.549
503.516
493.719
484.248
471.057
467.41
469.872
453.895
451.241
438.597
425.935
428.906
415.55
419.669
399.496
401.387
399.365
382.613
376.007
367.358
369.693
363.483
360.458
359.515
355.959
341.754
340.458
322.012
325.741
322.298
