884.606
878.095
867.491
855.525
845.478
826.626
814.901
797.21
777.722
761.467
750.348
721.497
711.18
692.094
679.25
661.131
647.674
622.663
611.489
587.906
588.334
566.248
548.82
535.837
524.193
501.178
499.685
487.657
471.524
465.595
459.539
445.708
436.188
416.886
407.669
405.641
385.571
383.233
364.224
359.823
350.062
348.786
331.713
321.819
324.767
319.285
305.986
308.882
293.835
278.976
263.227
271.304
276.644
265.172
260.453
253.886
241.988
247.146
246.422
241.518
236.154
234.739
225.178
214.183
