947.711
947.017
943.827
939.524
933.531
927.882
915.098
909.759
897.792
886.455
878.841
861.876
845.01
846.503
835.993
822.317
809.018
795.23
792.297
778.46
765.624
760.365
750.949
740.872
732.548
719.844
720.379
708.338
693.031
683.004
684.104
686.116
669.968
658.107
648.832
643.423
640.077
623.983
624.75
617.482
611.346
608.576
600.772
593.478
577.369
580.97
582.934
566.633
568.62
554.402
557.895
548.537
543.138
531.671
533.502
519.913
522.225
525.612
520.495
500.14
506.706
495.247
488.015
487.146
