895.595
888.486
882.541
872.073
858.924
842.724
829.046
816.97
794.522
774.946
760.118
741.404
727.087
715.47
696.207
677.697
666.944
650.041
639.214
613.469
610.101
586.508
575.158
560.198
550.678
531.554
522.936
511.427
509.482
479.212
489.838
466.545
469.539
436.237
440.457
417.13
417.747
423.987
391.936
395.162
375.403
369.007
362.271
366.21
339.491
335.241
341.58
317.322
322.232
312.185
308.592
314.209
291.349
290.122
286.607
276.001
278.881
270.77
272.075
262.802
262.381
241.698
242.871
237.287
