936.947
934.793
932.295
927.578
919.205
910.45
901.161
889.166
874.621
865.843
852.193
837.24
826.015
815.681
806.043
790.716
772.229
766.775
749.59
746.333
741.302
722.275
715.569
701.1
689.093
687.635
668.671
665.487
656.305
648.28
637.627
640.096
624.848
611.355
598.539
590.076
584.609
576.884
570.652
562.273
553.664
560.817
550.677
542.159
531.096
520.719
519.165
506.325
502.072
506.609
499.451
482.26
480.504
470.924
475.537
469.583
460.789
460.187
452.314
444.62
436.404
443.432
430.194
426.263
