858.542
846.254
841.219
825.743
808.808
787.879
777.396
753.746
742.636
719.044
698.191
683.457
657.589
640.842
619.836
613.125
587.532
578.328
558.593
547.131
511.656
510.328
493.857
484.587
461.141
455.511
438.156
433.523
406.583
394.811
393.564
384.102
365.33
360.105
349.774
324.598
327.071
306.195
302.669
293.621
274.064
275.091
269.998
269.008
256.201
249.088
237.875
232.513
223.598
229.17
221.152
213.105
202.889
210.844
193.964
192.351
188.607
193.382
178.598
177.023
175.174
176.679
166.288
168.428
