689.279
667.135
651.339
624.623
595.021
571.75
552.602
522.124
503.174
465.221
463.739
420.266
409.44
405.298
367.929
344.949
332.469
312.767
298.574
282.297
270.201
264.82
250.195
238.183
225.969
217.912
208.967
204.144
200.098
192.778
181.463
174.326
170.527
164.964
163.037
161.7
156.79
154.817
149.791
145.832
146.087
144.461
142.915
140.961
137.971
137.762
135.51
131.567
130.762
132.526
130.183
127.597
127.226
126.657
127.912
126.33
123.526
123.545
124.058
122.157
121.409
119.325
118.374
118.348
