951.208
949.278
946.694
942.503
936.304
930.281
921.692
910.106
900.819
891.503
880.808
862.556
856.623
845.162
838.449
838.099
820.615
816.131
796.843
791.21
780.841
769.36
757.181
750.463
740.801
733.14
728.135
715.566
702.865
690.242
688.35
681.287
676.194
679.712
655.676
656.408
650.224
635.363
632.529
634.889
619.918
617.182
614.701
606.54
594.409
585.927
582.362
583.18
572.793
576.99
561.898
554.446
558.945
543.261
540.754
541.302
530.744
529.408
525.053
518.558
520.055
508.769
499.128
500.122
