640.311
605.761
578.36
545.606
520.887
503.102
466.821
446.112
427.71
426.383
385.55
374.741
352.727
329.445
309.444
299.67
276.955
274.093
260.617
252.361
238.471
231.335
219.813
212.814
199.93
197.786
192.414
187.939
180.934
168.607
167.571
160.596
156.225
158.052
151.227
148.245
147.654
144.539
142.774
140.091
139.871
137.774
137.977
135.924
132.666
130.501
130.914
130.242
130.242
127.384
125.108
125.608
123.485
124.69
121.514
123.07
120.341
120.688
120.88
120.077
118.498
116.371
117.678
116.781
