932.024
929.483
925.934
920.012
911.363
900.036
891.346
878.721
862.11
853.884
829.384
825.21
812.792
798.386
787.737
774.066
758.8
751.264
739.295
717.868
722.847
699.268
690.638
680.663
668.96
646.148
652.813
637.833
633.18
612.511
606.267
605.472
594.407
587.395
572.594
565.813
559.023
545.112
540.814
529.91
522.316
531.964
512.326
511.021
505.94
496.154
493.404
470.349
476.16
467.491
452.171
450.285
452.543
434.819
437.702
437.444
424.959
406.779
411.173
414.012
398.905
401.729
402.453
399.09
