922.207
917.919
913.832
904.941
892.909
886.392
871.128
856.031
845.324
827.173
813.566
798.978
784.405
773.117
754.252
744.024
729.465
715.706
699.918
688.371
672.137
659.549
642.458
647.433
631.844
617.365
608.182
593.535
584.077
576.136
566.973
545.581
546.074
528.735
524.693
508.68
509.797
499.548
499.659
487.17
477.444
459.731
460.713
457.617
437.854
427.51
432.338
425.509
422.301
405.715
419.253
405.733
391.825
377.278
381.681
372.732
365.216
363.553
360.172
353.74
355.959
341.694
344.09
331.696
