572.621
543.756
514.17
506.381
481.148
446.144
426.53
407.477
386.33
376.738
351.747
329.465
312.837
301.569
289.761
273.316
270.766
248.728
237.294
232.268
226.564
211.449
208.97
199.153
190.157
187.901
180.611
172.326
167.73
160.126
161.177
155.092
153.665
152.624
151.058
145.575
144.255
141.218
141.201
138.723
134.023
132.165
133.899
133.131
130.601
130.207
126.243
126.927
126.107
124.813
124.797
123.72
122.966
122.863
121.312
119.825
121.561
119.232
119.004
117.675
116.338
117.497
116.044
115.174
