942.418
941.315
937.753
931.698
926.598
917.976
911.12
898.368
883.84
873.75
860.919
853.198
840.768
834.667
821.053
808.223
792.352
786
776.074
770.022
752.755
747.113
734.417
726.69
705.929
704.341
695.537
680.137
678.361
678.922
656.076
652.653
649.339
637.843
625.235
621.979
603.496
599.746
600.284
585.967
584.884
577.234
569.039
560.669
555.983
552.608
555.909
537.542
525.282
512.594
518.516
508.259
504.872
514.193
499.342
497.924
484.288
487.766
479.328
470.419
473.717
465.297
460.733
450.995
