939.409
937.407
933.901
929.901
921.722
913.844
901.088
892.418
885.922
870.178
858.217
849.867
832.311
820.904
809.964
798.065
790.992
773.724
758.807
754.401
733.696
726.955
720.729
709.911
696.81
696.24
677.995
675.698
659.037
655.094
652.375
628.807
635.412
629.1
615.211
612.883
605.324
585.603
586.103
574.89
568.961
561.644
555.884
553.957
537.338
540.319
536.341
515.502
518.334
507.549
501.462
504.367
491.17
494.304
475.601
477.163
476.351
466.369
458.883
449.906
456.812
452.143
437.109
443.754
