951.46
950.709
948.522
943.117
935.394
931.543
920.617
912.75
907.403
894.866
883.911
870.121
862.729
842.628
839.051
835.891
822.963
815.171
805.183
790.24
779.595
774.348
759.47
752.575
747.753
736.975
735.417
719.672
721.455
705.992
697.471
691.744
688.867
673.977
667.159
656.106
656.425
641.339
633.238
629.738
626.181
624.092
609.176
610.243
595.366
585.991
591.068
593.774
573.019
576.44
569.811
554.879
552.656
546.92
543.277
527.916
536.67
532.605
525.387
525.938
522.39
520.632
501.513
493.031
