890.276
884.084
874.607
868.858
855.17
838.487
820.563
804.886
782.904
769.179
745.02
742.829
718.79
701.001
685.049
670.69
653.29
636.818
621.78
609.491
590.695
583.427
550.804
556.165
538.924
524.47
509.441
493.262
486.703
472.966
461.846
457.063
448.629
423.451
416.648
416.932
403.126
397.62
396.027
383.277
371.175
356.086
354.947
353.819
337.843
328.904
324.273
310.907
310.609
305.165
298.418
292.529
270.1
275.154
268.043
275.777
263.333
264.148
254.788
253.13
249.849
248.979
230.129
232.34
