925.417
922.708
917.365
909.741
900.118
892.295
877.531
865.172
848.901
837.899
817.901
806.005
790.879
773.407
764.397
749.87
742.545
718.685
712.002
690.263
684.098
676.006
660.298
661.206
639.758
631.765
612.097
603.685
593.982
595.105
579.744
570.729
543.619
543.36
544.482
528.781
531.633
514.184
500.113
505.596
500.724
494.311
481.753
465.069
461.839
453.423
440.432
445.71
445.857
421.583
418.376
413.438
409.616
404.203
390.724
396.617
390.163
378.143
378.5
373.619
358.375
362.919
365.542
352.575
