909.114
904.403
896.967
888.719
879.502
867.087
848.02
829.173
816.039
802.812
784.382
772.741
757.294
731.738
722.906
706.828
683.672
676.546
660.327
645.785
625.698
618.356
614.062
593.675
578.208
564.001
560.615
546.331
531.132
523.521
514.417
504.519
498.476
471.116
469.827
454.193
456.394
447.295
433.43
431.6
425.077
411.611
395.839
390.069
396.341
386.506
373.975
365.832
370.118
347.884
356.133
340.849
345.296
335.626
319.168
320.058
315.03
313.9
296.484
287.26
296.199
290.615
269.553
286.667
