931.802
930.355
926.421
920.975
911.513
901.837
893.446
879.633
868.249
848.008
847.24
823.326
815.961
809.338
785.579
775.631
762.606
753.321
739.429
733.114
713.524
699.13
695.36
681.432
672.966
672.683
652.088
643.51
629.261
625.29
618.863
598.713
603.222
594.155
587.455
576.093
563.135
558.333
556.803
534.849
533.942
512.461
515.813
510.551
505.812
497.11
486.843
479.428
479.642
464.845
466.516
451.255
459.015
448.967
449.017
430.748
433.251
435.177
413.393
414.941
412.272
406.319
410.471
405.52
