924.898
923.815
920.188
910.899
903.193
892.077
881.463
866.45
852.31
845.509
829.889
810.154
799.769
779.796
768.078
752.266
740.892
731.562
717.836
697.72
686.205
683.895
667.202
648.692
651.043
636.223
616.435
620.88
609.966
593.843
578.705
572.393
561.633
550.9
546.736
536.74
539.03
520.045
512.062
504.342
502.227
487.355
491.282
467.656
472.366
455.706
455.958
447.115
442.227
438.424
443.415
414.838
414.873
411.597
405.835
387.348
396.842
386.123
381.422
376.504
368.662
374.637
363.367
357.549
