936.685
934.443
931.529
925.507
915.184
907.343
898.809
887.576
873.232
861.496
851.927
839.452
827.551
813.801
804.023
792.011
771.059
769.001
752.975
739.443
731.137
718.628
710.193
703.617
689.785
671.129
666.267
666.386
639.556
630.058
635.731
621.267
618.231
611.52
600.94
588.368
579.534
581.124
569.264
555.101
547.943
543.806
532.35
524.945
530.553
519.383
507.885
507.488
504.886
493.265
490.943
488.894
465.187
472.006
462.845
470.268
454.095
447.759
443.262
440.89
440.069
432.944
435.694
418.066
