898.612
893.939
887.452
877.936
866.184
848.179
835.901
821.125
795.042
785.454
772.012
757.215
742.014
718.29
708.718
688.627
681.576
657.903
649.925
624.156
609.99
591.876
581.453
578.293
554.107
555.563
527.483
532.932
503.588
502.77
502.017
488.108
470.696
459.402
443.42
435.744
420.239
424.782
409.553
408.143
387.347
385.577
392.796
374.593
356.196
348.555
345.483
349.212
332.497
328.075
322.172
310.772
306.029
297.823
292.168
293.146
292.867
287.309
281.616
274.862
261.535
275.748
262.498
245.743
