930.754
928.924
924.382
918.485
909.564
898.91
886.749
875.909
861.007
848.762
837.194
828.773
812.557
801.405
785.95
767.037
752.095
736.546
737.444
724.401
705.344
697.25
689.451
673.273
656.987
651.829
645.996
626.374
627.429
615.037
606.826
591.383
593.455
575.891
571.711
561.724
562.164
539.875
532.841
520.635
517.236
508.229
501.432
492.419
491.133
495.731
459.411
471.054
468.79
465.703
450.85
447.891
445.768
429.03
437.838
423.366
422.532
410.864
407.964
400.282
399.663
389.8
379.292
394.267
