927.706
924.746
921.076
913.301
902.695
895.937
879.258
868.372
851.54
840.053
828.423
816.347
799.879
788.456
770.315
752.389
742.883
731.852
719.443
698.624
700.535
688.295
673.656
662.6
653.323
642.772
625.015
619.962
612.788
596.326
598.657
577.1
578.35
559.899
548.222
545.425
534.615
535.76
521.354
513.946
505.67
485.017
490.572
472.53
475.058
465.889
464.148
450.313
456.069
444.739
435.614
438.504
429.76
420.404
418.154
413.487
397.937
405.474
385.523
380.676
385.192
384.052
374.865
360.63
