850.767
843.629
830.654
819.334
800.855
778.455
772.44
738.786
729.926
716.042
685.71
658.132
648.119
627.277
610.14
596.75
587.067
550.741
533.598
529.255
508.42
482.981
468.304
469.63
448.487
446.382
420.756
404.234
393.167
374.848
369.428
355.978
332.109
334.304
322.011
307.523
306.127
292.549
283.014
276.417
261.923
268.542
254.413
251.742
242.202
229.173
225.27
224.746
221.588
207.26
200.735
198.313
199.095
199.371
190.786
188.2
178.647
182.568
169.024
167.643
174.652
163.104
165.945
158.67
