548.953
530.159
497.444
485.641
452.821
430.865
398.12
387.29
365.16
349.263
335.073
312.972
297.196
287.999
278.664
261.195
251.829
245.037
232.365
222.136
214.973
212.251
204.156
196.465
185.271
183.805
178.317
172.157
167.919
160.84
152.74
150.495
148.14
149.027
145.555
143.224
142.195
140.776
138.004
135.498
132.682
136.26
134.483
130.012
129.451
126.56
126.516
127.805
125.705
124.07
125.217
122.476
120.992
121.727
118.703
119.113
119.854
117.322
117.66
116.001
117.361
115.324
115.822
115.158
