742.41
728.631
708.91
684.077
663.131
640.687
626.92
600.352
570.815
533.135
518.299
495.68
475.509
470.955
442.195
411.993
393.938
367.604
356.777
341.654
332.396
314.637
287.239
280.457
269.886
259.873
243.448
235.986
233.004
218.677
206.831
204.72
192.557
183.301
181.233
179.279
173.567
173.051
165.864
162.823
158.372
155.197
156.302
149.965
148.66
145.816
143.433
142.07
141.319
137.833
140.173
137.699
133.728
133.279
127.908
131.146
131.686
126.528
124.543
125.411
123.388
123.344
124.022
122.93
