605.171
582.395
555.073
519.904
502.05
474.453
453.741
430.84
406.41
390.964
355.914
344.502
336.303
319.718
297.228
281.308
275.899
259.699
252.322
243.223
233.663
222.938
213.226
208.432
194.606
193.457
182.089
176.499
169.383
169.23
165.761
161.728
151.246
153.937
150.925
149.462
145.333
145.114
142.608
138.821
140.187
138.01
135.474
133.243
131.045
130.371
128.721
129.608
128.114
128.603
126.755
123.151
123.444
123.41
121.182
121.563
118.406
119.777
121.416
117.379
117.365
115.955
115.276
116.362
