516.065
491.667
478.196
448.698
428.119
405.296
391.105
365.361
350.482
340.971
320.796
307.597
286.528
280.591
268.532
253.863
242.808
237.865
231.061
218.403
206.756
200.624
193.381
191.294
189.769
178.28
176.365
170.431
164.831
158.131
155.321
152.053
146.642
148.238
145.485
142.448
139.232
135.628
137.58
136.165
136.469
131.402
132.554
128.414
128.963
127.317
129.081
126.401
126.796
123.254
121.32
122.998
119.594
119.849
120.253
118.254
119.541
117.951
116.477
116.391
114.183
114.324
114.125
114.282
