943.637
940.997
938.807
931.787
927.006
922.325
910.471
899.418
888.507
878.791
868.456
852.89
846.373
829.323
821.561
814.425
804.667
788.766
776.332
770.334
758.074
750.639
738.781
722.695
716.74
714.033
700.136
687.302
676.614
669.234
668.012
659.117
653.513
645.266
635.09
625.538
626.832
620.082
602.47
596.862
586.018
578.172
570.636
571.204
560.738
549.995
551.614
543.689
528.362
532.029
521.842
515.867
505.717
501.25
504.011
499.044
492.159
481.678
472.119
477.524
484.354
477.505
465.218
465.428
