935.665
933.809
929.429
925.786
916.758
907.34
892.57
882.943
874.695
861.692
853.297
835.015
823.183
811.534
795.443
783.744
767.664
760.142
749.812
731.618
725.937
714.526
709.214
690.261
684.298
672.774
670.948
658.193
649.563
638.655
630.815
617.211
612.907
605.821
593.79
576.77
578.129
560.833
557.81
553.981
548.506
540.971
534.844
528.699
525.986
514.864
499.943
500.48
487.383
479.781
485.118
475.478
468.78
473.484
459.14
456.317
453.582
441.774
433.691
426.743
421.405
423.652
415.878
410.518
