834.084
821.111
811.448
794.673
787.13
761.424
737.543
728.56
700.543
677.773
660.003
630.455
617.824
590.748
574.343
554.087
545.597
531.278
493.861
505.632
478.895
455.33
437.358
426.885
385.217
402.43
398.214
367.237
360.563
342.424
329.889
299.983
300.919
290.687
282.619
275.922
261.925
253.73
239.58
235.313
237.852
231.903
220.813
211.401
200.525
204.245
194.004
192.355
186.208
183.75
183.063
179.07
170.753
169.362
164.201
158.598
159.544
160.516
155.656
156.272
150.534
147.593
147.94
144.348
