949.463
948.187
944.307
941.517
936.194
928.795
917.609
911.869
899.022
890.497
877.585
871.572
861.483
847.606
837.562
822.802
816.121
801.676
792.583
782.098
775.807
770.183
755.579
747.028
744.136
731.729
710.397
720.619
704.211
691.645
696.85
685.776
673.834
660.107
657.573
647.934
645.906
629.42
630.396
616.174
612.047
594.364
603.839
587.843
599.206
581.665
571.065
570.716
555.504
566.774
554.077
549.882
533.949
532.452
537.82
524.637
511.616
525.74
513.169
511.728
506.232
486.501
484.628
489.117
