904.804
899.866
891.134
880.332
869.136
855.161
847.846
824.869
806.435
793.43
775.188
761.679
742.645
731.906
714.99
702.046
676.405
664.035
657.71
641.705
631.405
606.488
598.098
581.659
583.192
565.033
556.321
536.91
521.011
525.379
503.628
499.084
485.553
458.445
467.518
444.959
444.484
434.22
423.119
417.505
414.144
406.422
386.266
386.926
365.809
376.601
347.779
358.598
354.731
343.99
334.498
326.498
317.907
321.015
309.852
308.798
304.617
296.401
300.841
295.042
281.334
275.475
268.333
274.22
