941.515
938.78
934.908
930.987
924.017
913.836
900.992
896.488
885.41
870.527
859.852
847.692
844.634
827.048
805.72
800.561
785.654
781.899
772.605
757.171
738.054
733.006
726.208
715.793
704.721
696.233
687.956
682.135
663.887
659.801
654.877
646.412
638.928
625.786
610.313
604.34
606.809
601.525
582.361
577.603
575.525
574.131
561.918
557.093
550.728
539.206
540.799
531.897
520.535
519.068
509.804
506.369
491.739
498.36
485.678
483.467
475.004
479.299
463.316
461.523
463.747
455.098
451.416
447.285
