924.229
919.679
916.824
907.946
897.698
886.409
873.384
864.766
846.976
827.775
808.799
802.131
781.417
778.674
754.158
745.176
729.404
717.207
709.706
695.578
679.467
663.704
652.054
653.789
641.863
613.98
604.233
601.864
586.473
569.569
573.391
555.188
547.379
541.958
540.609
524.897
513.582
512.445
505.442
494.199
476.989
476.562
470.237
463.249
448.365
450.284
438.966
433.177
423.398
412.727
405.137
403.434
410.25
392.105
390.504
387.605
369.761
375.588
366.554
356.12
356.511
347.78
354.076
345.443
