758.636
736.45
731.299
699.666
679.336
649.171
635.423
610.066
591.756
575.138
543.817
501.594
491.36
472.338
468.555
442.334
423.49
395.463
375.016
366.828
344.877
335.517
320.085
310.477
290.448
273.652
263.926
243.921
240.188
228.542
217.734
210.764
202.349
198.599
186.769
189.529
182.424
173.707
173.617
168.278
161.067
161.359
159.232
154.367
151.894
151.873
150.062
145.737
146.975
142.697
140.938
138.132
137.156
136.719
133.145
134.154
133.462
131.353
130.963
128.758
127.622
125.823
125.965
126.231
