866.056
857.595
850.314
833.547
817.73
798.926
782.68
773.601
748.575
734.2
713.647
697.811
672.691
654.808
638.229
620.212
598.974
582.635
588.155
554.684
534.588
529.064
515.911
482.671
480.305
459.262
441.052
443.707
430.302
410.525
406.823
386.8
384.992
364.247
354.857
345.493
329.183
326.302
324.767
312.54
307.23
301.76
291.791
281.589
263.657
266.186
252.635
246.315
241.051
238.968
233.934
231.6
221.628
221.29
214.051
210.409
210.065
198.167
201.828
190.741
189.967
177.781
184.239
182.203
