497.69
473.645
445.214
436.502
415.414
388.238
371.429
352.863
338.314
322.12
306.345
297.544
275.334
275.349
252.074
246.65
240.633
228.294
219.723
209.597
207.569
198.595
196.771
185.004
183.633
172.794
175.01
166.27
159.991
156.984
154.874
148.782
148.689
143.324
141.783
141.221
137.758
136.227
137.232
133.724
133.17
131.302
129.786
129.421
128.699
126.47
128.196
124.259
124.825
123.508
123.044
121.804
120.175
120.181
120.476
117.639
117.895
116.337
116.521
115.615
115.092
115.739
115.156
112.446
