649.661
606.647
607.628
573.223
543.586
521.927
506.68
476.646
453.777
429.106
409.521
381.63
365.24
342.278
325.134
321.475
295.436
284.951
272.054
259.505
244.966
239.932
234.414
217.187
213.29
206.118
198.211
190.849
181.688
177.407
175.255
169.104
159.211
155.928
153.492
153.643
149.77
147.852
141.966
143.303
143.605
140.478
139.352
135.391
136.061
132.669
132.94
130.101
130.607
129.23
129.054
127.755
125.672
123.808
123.452
122.245
124.699
121.808
119.721
120.425
118.11
118.729
117.664
116.312
