803.334
789.183
772.682
752.849
737.542
709.847
695.561
678.936
654.961
633.506
599.884
587.555
558.939
534.902
522.826
497.739
493.606
456.053
434.774
426.47
416.502
384.347
388.983
364.348
337.975
334.982
323.259
303.13
295.957
275.476
273.124
247.83
249.597
238.53
226.76
220.918
206.463
208.17
207.556
188.918
184.538
180.804
181.918
176.701
168.175
171.089
166.455
164.342
163.162
157.544
156.805
152.484
147.903
144.413
145.101
142.601
142.986
139.533
141.483
142.831
133.471
133.987
133.412
130.428
