736.513
709.982
679.975
665.287
652.792
617.862
597.983
571.998
551.029
523.217
499.359
471.707
443.69
428.294
405.614
393.277
363.514
353.03
328.367
334.052
304.771
299.021
270.722
260.735
259.645
244.296
228.062
223.006
216.007
203.893
204.614
186.242
181.36
173.052
175.504
171.539
166.027
161.279
161.371
156.681
156.254
148.745
149.838
145.726
141.937
143.448
140.428
141.87
137.753
136.429
135.003
132.377
131.963
129.755
129.787
129.699
128.992
128.758
124.909
122.657
125.379
123.611
122.278
120.601
