949.484
947.696
945.737
942.014
935.222
927.152
921.536
909.261
903.319
893.156
882.515
868.971
861.161
845.863
836.072
823.956
819.915
803.384
799.574
793.195
783.739
766.652
755.903
748.425
740.205
726.451
717.975
708.96
717.552
694.527
690.98
687.151
668.561
671.775
662.816
655.272
650.075
639.4
632.947
635.06
623.789
618.361
607.216
601.215
594.333
579.377
576.685
574.86
564.127
569.226
562.376
555.491
542.011
544.47
538.281
527.774
528.778
512.767
516.242
511.875
510.168
495.811
507.615
504.17
