946.864
945.977
943.052
937.918
930.849
924.898
914.835
904.774
894.092
885.591
875.487
867.524
850.645
835.801
835.043
820.868
806.637
797.392
787.993
779.972
766.691
755.335
749.831
748.669
727.693
714.173
709.422
703.106
693.591
690.093
670.315
666.091
663.714
650.172
652.029
647.353
630.601
628.464
619.143
612.737
611.3
609.738
594.102
586.153
582.566
573.813
572.983
555.51
553.834
544.893
537.897
543.506
535.229
529.378
523.753
516.085
519.415
510.246
498.535
503.302
499.005
489.283
488.302
482.125
