945.538
942.838
939.346
935.536
928.596
919.669
909.123
903.457
889.024
877.763
863.238
856.083
846.993
830.094
825.526
810.42
796.274
791.109
781.116
772.995
763.074
742.103
738.518
726.116
724.955
700.197
704.906
693.334
686.229
679.345
672.667
660.983
645.307
640.91
639.488
625.849
623.673
612.701
610.711
591.001
592.315
584.768
585.211
574.19
567.432
557.181
551.094
547.523
535.224
532.117
536.721
530.82
522.516
515.45
512.517
506.497
496.152
488.423
480.117
482.675
475.905
472.8
466.119
467.982
