911.16
908.561
903.517
892.125
878.252
866.922
850.924
835.887
825.809
809.232
795.266
776.232
755.418
751.762
733.936
709.363
686.342
682.285
670.252
656.377
634.713
625.796
615.656
610.894
601.812
582.216
572.537
559.324
558.16
534.255
524.039
513.04
507.994
480.378
488.793
479.789
468.386
453.163
448.304
435.171
424.85
423.837
412.128
403.118
406.418
393.71
388.796
391.312
363.084
373.168
359.27
358.82
351.395
336.032
344.811
334.585
332.259
316.679
310.568
306.39
308.504
304.352
288.122
281.44
