917.774
913.444
905.536
901.314
885.099
873.236
856.454
839.92
828.905
814.112
799.418
782.198
768.101
750.965
732.307
718.622
706.634
697.184
680.55
673.94
652.577
640.854
629.056
612.436
595.215
595.729
583.027
562.308
561.055
552.358
535.018
521.583
515.401
509.253
492.531
493.841
476.134
477.879
469.544
461.318
440.162
427.388
422.538
428.31
420.801
402.245
394.59
388.361
392.175
370.583
372.58
366.348
366.399
344.454
342.286
333.568
340.894
334.945
331.253
317.54
314.104
312.171
309.932
304.754
