940.3
940.992
935.587
931.356
924.495
914.158
907.326
895.359
887.363
869.781
857.403
849.498
836.667
826.757
809.345
806.346
794.631
786.831
773.132
759.842
752.827
738.748
733.863
718.177
715.321
703.172
699.817
682.999
673.581
662.453
663.262
637.78
633.163
627.208
618.181
623.22
606.556
604.196
590.19
583.75
587.837
567.224
574.492
559.793
553.97
542.19
539.362
540.561
529.018
525.144
509.921
507.471
504.47
501.289
497.36
494.761
478.456
484.986
475.356
472.76
456.532
456.374
454.311
447.089
