929.395
927.695
922.53
918.203
904.753
897.899
882.143
868.268
859.794
845.557
836.678
814.193
802.748
787.216
777.318
760.21
747.305
742.76
729.871
714.789
700.023
701.485
669.607
665.055
662.894
635.435
629.882
622.215
617.352
603.899
589.647
590.782
584.817
571.772
564.554
551.137
546.863
537.427
532.833
528.636
511.881
507.054
497.746
493.973
491.8
481.811
460.916
458.92
459.598
456.837
436.69
443.006
439.213
428.588
418.549
406.59
409.287
401.869
400.037
396.489
401.98
394.205
376.362
379.429
