779.076
765.605
744.129
728.804
714.864
680.935
664.109
641.698
612.054
590.164
564.846
546.452
515.607
504.722
472.07
456.55
442.111
421.667
405.968
381.735
364.918
346.466
334.991
322.969
308.81
285.196
297.474
264.333
251.869
247.719
232.445
228.494
214.824
199.545
190.271
201.319
188.486
183.658
180.458
173.271
172.742
164.535
164.012
160.336
159.563
153.471
154.533
153.17
150.285
150.454
140.684
141.801
140.486
136.277
137.758
137.209
135.638
133.434
133.547
132.044
129.462
129.71
126.495
126.021
