792.778
772.887
754.813
740.573
718.534
695.266
677.839
651.013
634.418
616.747
587.745
564.139
553.728
530.492
496.821
481.177
459.417
440.817
421.243
390.322
394.285
370.77
350.456
347.762
333.517
313.229
300.718
288.409
277.606
260.417
261.672
244.801
228.357
226.663
213.693
208.089
194.547
199.129
199.154
185.552
180.517
173.397
175.833
165.918
161.387
166.004
157.497
154.086
155.956
150.12
149.656
149.219
146.518
141.395
139.281
140.268
138.757
136.539
134.623
133.157
132.712
129.785
131.343
130.337
