843.671
833.764
821.236
809.371
781.461
767.124
755.26
724.19
718.144
692.078
680.978
657
628.509
613.875
591.109
579.743
548.272
526.932
518.72
508.822
490.137
482.682
457.183
436.318
421.978
409.935
394.103
375.322
359.116
349.8
345.9
334.449
329.872
308.134
303.933
288.677
288.575
272.435
266.143
265.019
243.245
243.151
238.828
237.042
218.855
219.661
210.946
207.417
199.534
193.937
191.414
189.284
186.231
182.722
175.557
179.017
166.969
169.394
158.382
161.681
160.342
157.248
153.874
149.803
