992.605
992.527
992.56
992.503
992.576
992.482
992.578
992.584
992.527
992.58
992.516
992.519
992.547
992.56
992.569
992.598
992.523
992.58
992.623
992.546
992.56
992.532
992.532
992.64
992.552
992.479
992.606
992.521
992.574
992.611
992.558
992.56
740.538
740.336
743.273
743.495
742.255
733.199
738.671
739.034
741.676
747.055
750.607
752.797
729.232
742.305
739.136
747.368
735.625
739.383
740.85
744.026
743.36
736.308
747.628
747.797
734.941
754.138
745.809
750.248
744.343
735.98
753.467
746.656
