988.672
988.616
988.708
988.642
988.546
988.633
988.636
988.636
988.635
988.695
988.679
988.682
988.645
988.772
988.707
988.689
988.536
988.708
988.708
988.654
988.57
988.592
988.655
988.575
988.74
988.678
988.756
988.643
988.613
988.648
988.681
988.649
13.941
14.3894
14.3122
14.0926
14.2042
13.834
14.0906
14.0558
13.9602
14.2036
14.0486
13.8172
13.7864
14.0746
13.758
14.1362
14.0918
14.3776
14.2404
14.1654
14.5084
14.2022
14.3102
13.909
14.2618
14.143
14.1782
14.3314
13.9492
13.9996
14.276
14.0504
