988.532
988.666
988.653
988.614
988.662
988.728
988.592
988.58
988.655
988.541
988.753
988.721
988.67
988.68
988.613
988.645
988.624
988.783
988.611
988.678
988.536
988.566
988.786
988.642
988.709
988.672
988.746
988.584
988.652
988.569
988.623
988.546
14.2534
14.0858
13.755
14.3206
14.1654
14.0786
14.3296
14.1804
14.3924
14.4138
14.1098
13.5916
14.3808
14.5762
14.0724
14.2728
13.9828
14.0772
14.1858
14.0056
13.9114
13.9376
14.5232
14.2844
14.1444
14.2182
14.472
14.0168
14.1012
14.076
13.8096
14.0712
