992.557
992.627
992.554
992.531
992.543
992.611
992.559
992.599
992.487
992.529
992.647
992.544
992.599
992.586
992.496
992.58
992.583
992.527
992.596
992.539
992.638
992.461
992.556
992.529
992.588
992.569
992.588
992.523
992.59
992.534
992.567
992.548
742.517
735.726
749.924
737.682
745.29
745.375
743.385
748.158
729.251
744.021
747.548
747.648
740.92
734.268
746.441
742.414
738.997
737.221
748.978
743.079
740.97
741.099
742.591
740.069
747.966
746.144
743.455
741.246
729.075
740.869
746.749
751.821
