988.625
988.685
988.775
988.734
988.593
988.596
988.633
988.624
988.524
988.547
988.665
988.663
988.671
988.557
988.555
988.612
988.696
988.664
988.595
988.633
988.641
988.497
988.708
988.586
988.596
988.511
988.614
988.546
988.729
988.658
988.554
988.697
14.1258
14.0606
14.4422
13.9756
14.2702
14.239
14.208
13.7006
14.0984
14.1052
14.806
14.1328
14.0274
13.7464
14.252
14.3262
13.8906
13.9844
13.9656
14.1506
14.3502
14.4544
14.1704
14.121
14.0808
13.774
14.047
14.4678
14.3546
14.1722
14.0312
14.0876
