988.612
988.579
988.711
988.648
988.615
988.652
988.584
988.751
988.729
988.652
988.64
988.673
988.818
988.609
988.666
988.639
988.642
988.673
988.592
988.766
988.525
988.643
988.638
988.636
988.684
988.642
988.699
988.516
988.614
988.698
988.79
988.613
14.2934
13.963
13.876
13.6652
13.612
14.1314
13.8902
13.8834
14.2794
14.353
14.1366
14.2222
13.853
13.9114
14.1978
14.3362
13.8292
14.3562
14.0864
13.6958
13.655
14.0742
14.063
13.9204
14.2196
13.9978
14.2816
13.9794
14.2228
13.8672
13.5464
14.0686
