992.61
992.601
992.668
992.579
992.567
992.55
992.589
992.586
992.513
992.577
992.596
992.558
992.584
992.562
992.517
992.661
992.605
992.52
992.473
992.623
992.628
992.649
992.577
992.549
992.576
992.642
992.581
992.65
992.532
992.541
992.514
992.616
742.662
738.377
737.853
746.916
740.861
738.567
744.288
746.374
738.519
734.473
747.419
737.52
748.499
746.152
740.626
746.09
738.474
736.443
741.642
733.718
738.987
745.533
746.217
741.816
746.258
737.472
736.945
738.059
743.736
748.329
751.47
745.8
