988.488
988.452
988.578
988.652
988.696
988.826
988.576
988.629
988.59
988.703
988.653
988.747
988.602
988.54
988.639
988.658
988.637
988.721
988.669
988.603
988.571
988.607
988.756
988.663
988.612
988.617
988.645
988.657
988.724
988.621
988.675
988.587
14.5022
14.0832
14.113
14.1806
13.9386
13.9348
14.393
13.6658
14.1668
14.5078
14.0776
14.3216
14.1926
13.9044
13.8614
14.2422
14.4232
14.3544
14.374
13.7746
13.8872
14.0108
14.3076
14.2096
13.8488
14.1248
14.5466
14.3786
14.2196
14.3584
13.9134
14.0232
