508.496
516.966
491.22
497.796
498.679
504.787
506.026
505.881
504.686
500.326
508.539
492.388
510.251
498.113
504.559
514.969
490.458
498.284
504.535
492.766
501.973
504.497
499.375
499.549
498.667
495.158
505.213
484.962
501.46
487.769
495.079
511.168
499.523
492.707
499.035
498.675
488.395
509.769
507.258
507.951
499.239
499.024
494.389
501.894
500.196
503.32
489.325
504.802
499.037
498.198
498.215
497.209
504.203
489.432
505.115
505.35
486.122
500.398
491.655
495.326
500.84
504.877
497.719
490.262
