509.775
504.27
497.284
500.754
496.033
494.47
507.787
497.101
498.976
504.774
492.76
502.427
494.919
495.821
501.454
489.404
514.017
515.203
502.564
509.581
491.342
499.184
510.583
503.103
499.608
502.756
503.872
503.985
493.738
505.466
496.228
504.957
504.074
503.893
493.532
501.678
496.955
505.81
501.524
498.736
503.196
496.558
504.092
494.144
504.158
503.689
496.368
501.105
502.817
495.416
500.608
502.229
499.835
494.619
496.871
492.816
505.353
491.133
506.931
502.461
498.527
497.437
501.369
493.895
