496.412
512.555
486.603
501.794
505.341
497.23
500.947
490.355
494.43
500.136
505.073
507.947
507.633
499.38
500.178
499.051
502.917
495.215
496.649
500.098
503.593
495.2
511.602
509.264
492.01
501.767
510.575
492.266
502.067
493.44
503.307
498.817
491.252
499.804
503.972
500.334
499.113
510.593
506.243
489.799
499.702
502.408
502.127
500.75
485.991
512.9
496.658
501.327
509.929
501.195
508.693
494.161
495.419
499.523
504.671
495.619
509.367
508.166
499.617
506.661
489.527
501.728
503.659
498.844
