506.655
498.956
502.857
497.59
492.045
505.909
506.823
497.633
500.982
504.245
509.496
501.069
505.769
495.883
494.363
491.545
502.585
499.991
515.573
499.778
495.699
486.731
494.235
501.039
497.502
497.401
493.213
509.407
495.985
490.504
492.152
503.032
501.81
490.134
486.664
500.124
504.894
501.009
502.208
496.05
505.683
484.555
498.043
497.532
501.491
499.581
505.137
496.254
503.195
499.242
495.397
496.347
499.651
501.345
506.245
493.482
506.358
501.543
496.526
497.307
498.496
491.655
505.758
495.175
