501.948
504.995
491.498
511.439
503.797
493.53
507.71
496.995
501.354
496.407
510.76
500.913
494.468
496.394
509.25
497.059
504.771
502.558
501.254
499.705
503.605
495.938
500.603
507.794
489.445
504.418
505.175
504.871
499.495
504.643
503.119
503.128
499.436
486.878
493.451
509.288
499.539
505.637
499.306
499.751
493.445
497.282
508.983
502.405
506.029
510.808
497.353
498.43
487.691
489.39
515.053
497.715
501.603
501.212
503.588
505.462
522.404
505.069
492.061
490.625
499.514
504.396
499.666
497.162
