509.386
485.668
498.138
497.986
499.499
487.594
495.598
480.83
503.921
505.781
503.412
489.982
498.995
503.452
495.469
498.521
500.858
498.861
491.483
509.13
497.372
507.452
514.313
488.122
495.018
495.136
496.806
500.249
490.573
505.008
504.207
506.742
500.349
510.729
483.394
506.542
493.258
509.264
505.15
502.74
500.675
500.225
506.497
488.613
502.298
508.078
495.099
497.882
500.617
499.686
486.354
499.621
492.53
494.555
501.604
493.797
502.64
490.879
508.125
506.819
499.217
496.913
490.508
507.149
