497.8
506.98
507.415
490.971
494.942
490.352
504.383
495.472
499.566
493.336
502.426
503.396
499.725
499.844
500.643
498.547
495.111
501.353
507.69
494.389
504.804
497.988
486.827
490.77
500.205
507.032
496.521
506.397
512.886
487.933
498.348
494.186
511.558
503.191
507.366
499.745
489.117
492.994
511.203
504.861
511.197
491.195
494.835
501.473
501.127
496.735
507.472
495.278
499.574
488.955
507.002
501.756
495.287
498.176
507.811
492.302
510.476
495.871
503.401
484.854
499.617
513.406
501.542
510.404
