495.943
493.003
500.386
492.976
492.497
497.666
498.248
495.513
498.079
504.304
494.404
499.825
499.086
501.648
498.362
499.067
498.647
499.855
493.927
498.865
505.74
503.332
502.244
486.079
499.092
499.262
500.711
496.233
504.437
492.582
490.315
501.916
499.748
499.928
497.898
500.417
500.85
497.636
501.163
497.593
489.798
502.211
494.007
488.736
507.335
494.887
505.739
499.525
494.706
495.849
496.901
492.326
502.101
508.668
499.476
496.278
491.307
494.532
507.792
506.684
483.923
493.181
493.499
502.232
