493.122
497.762
495.694
494.314
503.402
509.283
503.794
501.724
499.173
494.023
501.905
487.149
485.093
501.107
510.363
498.902
502.845
500.631
491.948
497.836
502.694
504.868
496.24
511.678
491.169
501.654
507.453
507.317
502.972
503.2
503.738
502.371
507.022
491.499
496.516
504.947
509.087
499.571
502.112
498.199
501.137
499.989
511.85
496.879
509.351
492.2
500.919
503.624
502.283
495.408
506.894
499.92
502.149
503.037
498.532
497.264
496.119
500.315
490.213
502.435
501.191
492.361
501.347
501.819
