495.925
500.174
504.748
495.455
497.025
502.913
500.943
492.502
504.627
500.213
494.35
492.335
513.664
498.495
500.345
504.594
507.026
507.385
492.501
497.019
508.223
497.395
504.523
503.672
509.015
488.041
504.831
496.782
501.979
496.344
492.555
507.937
496.111
495.13
506.927
500.679
500.342
500.958
493.774
507.124
504.718
511.116
503.856
494.957
508.579
497.998
499.751
500.074
501.399
496.269
499.669
493.299
501.569
497.971
499.374
505.015
491.627
496.146
501.128
499.019
498.048
493.916
495.821
499.364
