501.633
505.386
498.017
507.522
497.489
488.041
502.872
498.72
495.003
500.683
505.749
502.481
495.609
503.943
494.175
498.654
501.398
503.874
498.041
497.791
500.65
499.201
494.788
511.042
500.137
497.91
507.73
496.221
503.474
502.108
509.874
501.035
504.455
496.512
498.112
499.563
495.098
506.382
507.176
497.171
504.546
496.317
491.566
503.122
500.919
498.99
491.318
501.123
503.55
502.06
502.791
497.876
498.522
499.449
502.539
503.672
499.672
504.274
497.373
501.095
500.192
495.991
494.227
499.805
