501.964
499.227
500.58
504.894
490.824
495
499.876
506.301
491.494
513.017
498.277
507.041
490.279
504.304
495.504
497.168
507.491
505.327
487.946
508.7
503.561
501.183
498.826
505.285
497.515
485.701
497.589
502.036
494.983
505.9
511.571
495.411
499.093
506.316
496.339
486.956
503.02
496.302
509.324
490.776
494.667
504.801
509.172
496.004
505.601
497.05
489.353
499.688
500.261
497.341
501.701
506.483
497.817
510.454
511.455
491.781
505.921
500.313
500.649
502.433
492.99
499.816
507.415
504.946
