500.255
497.845
501.408
499.265
503.058
508.125
506.749
496.769
501.236
504.865
510.832
499.833
500.751
500.88
495.532
488.457
509.155
504.167
500.301
506.512
506.775
503.337
506.773
496.441
505.602
496.847
501.795
496.1
489.843
503.086
508.914
507.274
497.015
509.232
488.018
492.374
496.918
491.975
505.514
498.706
503.809
500.653
512.018
501.189
489.345
501.602
491.779
499.619
505.165
497.125
502.395
505.437
497.94
499.83
493.298
499.497
509.426
501.146
506.376
495.799
499.122
497.184
503.011
492.055
