508.152
493.465
504.849
501.804
503.462
510.636
501.956
513.171
495.08
493.758
517.963
501.797
497.809
503.93
495.06
508.498
482.897
502.103
495.833
501.923
492.661
487.87
506.08
502.522
509.862
507.666
499.457
495.811
503.847
501.15
492.259
505.804
501.066
503.595
505.758
491.553
493.591
502.77
487.992
495.715
501.995
496.758
501.389
494.712
498.574
509.561
500.334
495.622
502.985
493.02
509.407
507.705
506.524
503.545
492.796
489.381
497.116
509.505
501.172
497.206
502.691
496.278
490.97
507.413
