497.318
504.505
494.669
499.827
499.018
499.32
492.851
498.25
507.048
508.388
505.672
514.928
502.369
488.143
494.502
518.403
500.088
502.192
505.875
499.79
500.672
499.533
493.828
494.093
504.221
494.651
498.801
502.503
498.961
487.319
503.003
498.377
505.715
499.278
497.033
494.284
494.943
508.551
496.485
505.372
496.486
499.233
499.832
483.928
505.075
507.841
500.66
502.997
496.043
492.453
501.397
504.732
500.098
498.853
488.2
497.577
502.702
505.243
513.102
500.84
508.316
492.654
504.65
502.759
