503.75
503.268
503.06
500.167
502.872
502.421
494.042
511.801
492.321
507.172
502.503
507.926
496.787
501.198
497.269
489.949
492.907
504.261
506.12
494.828
491.421
504.463
498.86
498.188
508.212
492.691
498.485
496.418
495.224
488.973
501.657
499.292
500.438
506.685
510.006
489.35
493.586
489.112
508.151
497.574
501.675
499.429
499.023
494.903
493.689
501.859
509.991
499.707
497.099
503.446
504.708
505.988
499.587
500.793
494.537
494.542
501.013
511.812
500.058
501.136
499.254
511.371
492.311
495.061
