512.667
483.719
505.658
508.066
499.628
500.396
500.47
486.842
495.255
500.722
504.407
510.308
495.285
503.687
503.631
498.735
491.741
500.823
502.927
492.907
506.888
504.686
505.485
493.946
502.952
499.02
497.178
500.463
501.155
506.355
498.531
499.148
498.926
505.655
494.527
503.463
483.055
514.304
501.281
502.548
502.961
497.888
501.355
488.61
494.15
507.683
496.784
502.041
502.818
492.357
497.438
503.008
492.065
498.648
491.573
509.386
501.324
490.558
502.274
503.046
497.925
495.898
500.124
499.131
