502.254
490.568
502.694
494.715
496.594
507.731
495.642
500.858
503.595
507.406
502.379
501.083
493.045
506.036
506.769
497.799
493.724
498.486
497.628
501.879
504.082
497.662
497.163
509.129
492.523
491.319
503.422
504.607
496.822
504.991
502.6
496.925
506.151
493.221
493.183
504.968
508.511
500.102
502.319
506.844
501.757
501.998
510.479
492.274
503.691
501.31
499.101
502.003
510.362
497.916
508.396
505.88
501.679
498.497
501.8
502.314
503.896
500.741
503.719
495.249
496.858
492.729
499.244
499.735
