500.763
488.286
501.632
502.312
494.854
494.142
498.119
492.071
506.91
502.487
503.497
500.534
505.747
499.748
493.877
491.847
495.395
508.92
496.936
493.557
502.142
498.322
493.764
494.087
504.69
499.186
499.605
505.298
503.98
500.054
501.148
497.501
484.62
500.311
502.784
493.292
506.049
499.288
496.321
488.872
499.794
499.772
499.288
498.615
506.471
500.021
507.711
493.89
502.845
504.349
490.283
504.962
497.992
499.715
499.462
495.974
504.589
513.248
500.902
492.706
494.141
492.508
493.553
505.81
