500.482
497.759
500.321
498.413
499.969
510.864
506.646
506.18
515.058
500.39
497.225
500.139
511.712
505.458
506.952
507.338
507.774
498.55
498.289
502.78
487.069
501.651
503.759
498.093
506.214
505.267
505.236
501.858
496.874
507.998
503.945
505.407
505.864
500.702
488.799
500.425
503.624
491.861
496.318
495.474
495.695
499.325
491.384
492.233
499.809
509.951
500.637
506.603
503.915
491.969
499.727
508.57
498.674
504.904
493.525
493.284
506.684
501.6
507.578
496.859
503.569
502.969
489.861
499.241
