505.304
500.081
502.389
494.266
503.618
504.648
499.557
500.441
488.605
505.529
497.282
506.485
492.46
498.617
499.852
504.503
505.767
505.253
496.031
492.003
497.367
507.283
502.635
505.907
500.35
500.302
499.954
499.611
497.915
495.334
501.44
500.912
503.435
500.568
502.712
504.586
503.451
500.262
504.179
500.558
503.237
496.981
503.692
492.886
494.738
504.07
501.77
507.362
494.098
497.576
499.113
501.261
501.094
503.857
504.742
511.46
497.593
495.572
504.564
493.673
499.103
506.527
497.563
510.314
