502.598
512.722
503.513
500.891
506.105
497.034
500.663
502.402
501.862
493.825
499.227
493.006
498.837
505.953
498.064
497.122
503.225
504.915
498.484
494.478
509.92
494.431
505.874
497.482
492.508
491.798
502.163
494.599
497.756
495.535
501.476
502.975
503.891
506.803
497.97
492.139
495.19
510.505
502.843
505.749
506.414
503.311
502.886
507.239
497.802
501.386
496.031
496.358
501.787
503.067
496.434
505.934
495.658
497.188
495.036
500.23
487.417
502.566
500.947
505.376
495.493
499.679
503.009
514.084
