505.872
495.763
493.395
491.954
504.284
513.138
503.188
501.726
492.687
487.471
490.149
503.847
501.047
497.246
508.21
496.693
495.379
509.092
505.201
510.318
497.129
494.952
496.953
497.226
489.753
508.426
494.891
507.21
515.585
497.345
500.296
500.974
497.982
502.192
498.226
493.731
505.606
505.003
491.838
497.54
498.778
493.84
501.905
506.981
498.715
499.418
492.7
494.811
489.642
499.522
502.234
502.417
497.1
492.397
503.482
505.786
490.959
501.531
505.894
505.301
494.99
497.803
492.779
502.416
