506.066
509.09
495.037
503.332
492.799
495.465
505.999
509.661
502.709
493.338
494.571
493.875
494.981
499.765
507.879
511.141
502.092
504.802
502.769
496.196
508.532
503.461
498.418
506.424
501.414
492.594
507.389
503.174
503.101
502.469
499.754
492.419
500.541
501.067
486.886
496.503
500.13
495.023
498.394
497.116
501.054
500.233
505.515
508.057
498.891
495.24
499.823
508.341
505.924
490.155
500.262
494.428
497.225
494.777
491.551
500.413
501.871
498.577
497.171
494.005
497.157
500.809
501.104
496.756
