499.323
488.216
489.961
501.907
505.501
502.636
498.222
497.434
492.779
503.472
501.939
499.453
492.096
506.477
494.914
499.733
494.857
503.381
498.136
493.798
503.712
499.444
510.864
494.421
499.218
504.718
506.101
495.037
503.028
495.396
494.879
491.226
507.882
495.265
491.17
501.537
503.69
495.034
499.229
501.441
492.942
497.287
506.056
499.804
495.736
494.886
508.491
497.522
496.748
504.811
511.389
498.752
505.639
510.81
507.533
499.162
511.386
483.909
501.853
503.65
495.702
498.219
501.235
489.218
