526.979
510.379
507.151
504.204
499.393
503.151
504.942
494.761
500.334
513.292
500.362
506.394
508.917
502.652
493.08
504.168
510.513
504.706
496.574
509.846
505.739
503.717
504.502
494.206
501.08
506.795
510.767
502.545
500.488
503.964
496.619
506.017
505.921
491.235
492.146
500.713
498.987
494.064
485.998
500.27
495.709
496.893
499.52
502.874
505.096
493.011
497.55
499.093
491.719
502.919
512.043
499.509
512.506
508.485
497.665
493.113
492.868
499.525
504.208
498.981
495.467
512.998
507
495.236
