504.153
489.709
495.183
494.075
502.666
502.526
506.938
495.185
509.484
505.473
519.698
506.104
497.045
498.836
506.996
492.59
506.624
488.624
492.281
501.245
496.358
487.16
498.342
506.984
505.969
497.605
493.098
501.139
495.131
487.426
497.42
502.275
491.287
495.827
498.738
494.3
507.891
507.263
497.649
503.067
499.731
495.054
511.494
497.562
498.042
501.668
516.111
502.39
509.742
503.934
513.501
503.277
505.328
494.708
507.461
511.432
497
497.218
505.636
491.629
505.553
501.804
492.251
501.087
