500.276
506.214
504.095
501.67
491.826
496.423
492.795
489.463
499.578
503.567
504.718
516.776
498.253
495.017
504.206
495.425
496.464
493.219
499.294
498.365
501.296
499.314
505.469
502.536
487.76
487.872
496.361
488.165
508.265
498.578
511.393
482.323
496.133
499.323
491.907
505.962
493.674
498.092
503.731
499.023
502.103
493.443
497.586
500.241
505.287
500.071
496.142
499.294
514.534
499.015
493.41
498.249
493.882
493.346
499.37
510.29
494.098
496.879
505.095
488.412
492.174
504.295
490.321
497.193
