497.358
501.53
502.627
494.867
498.435
497.798
504.641
511.164
500.577
501.11
489.804
503.174
503.646
497.747
507.017
508.003
494.19
503.436
492.489
507.101
496.726
509.868
498.829
501.28
505.416
501.394
491.565
497.277
492.016
499.577
500.759
508.891
497.353
488.246
497.249
493.557
499.811
498.399
495.158
502.752
505.064
496.792
500.629
505.207
493.326
499.106
496.657
502.192
499.957
503.026
500.497
502.043
500.197
501.983
502.245
496.127
514.987
490.639
506.787
497.353
497.882
495.724
500.925
500.069
