500.529
498.342
494.942
502.408
509.901
500.249
495.86
500.707
498.476
501.952
503.075
496.857
503.432
497.256
492.284
484.86
494.402
501.755
500.922
494.217
501.2
495.768
506.221
507.663
500.562
498.202
503.352
511.569
505.637
497.102
504.261
505.025
508.129
497.997
510.959
497.244
503.069
507.732
494.615
499.165
513.642
501.617
504.465
505.96
505.926
505.094
485.682
502.251
499.117
495.244
497.506
494.852
495.245
503.768
509.243
502.96
494.904
497.585
500.919
504.994
506.674
495.255
482.751
497.244
