498.64
501.62
492.653
499.294
488.423
502.812
492.72
494.388
500.192
496.443
501.832
497.012
497.862
501.765
491.032
497.825
499.106
507.022
502.239
494.775
509.952
501.058
502.577
504.786
505.214
498.165
497.967
500.377
497.785
510.154
497.395
491.443
496.224
498.32
509.048
497.655
507.95
493.96
495.427
501.192
509.454
497.238
491.062
519.428
489.295
498.061
503.769
503.73
493.069
505.461
487.504
494.505
504.038
497.715
494.965
492.171
509.044
494.166
500.747
497.807
501.769
506.415
500.245
488.571
