501.615
495.485
501.683
503.941
499.783
493.753
501.012
502.346
505.147
497.112
487.146
514.691
502.38
509.827
506.552
498.037
504.412
503.508
496.172
504.55
496.104
492.359
499.818
503.893
501.953
494.574
493.026
495.735
503.868
496.785
505.374
498.169
508.58
496.623
497.428
497.826
503.292
495.046
504.691
507.732
501.741
491.465
499.128
498.234
488.684
499.616
497.115
489.922
500.613
500.933
500.552
503.279
502.858
512.713
504.188
504.566
504.568
510.016
519.475
504.713
498.107
498.742
491.801
490.185
