495.003
502.664
498.086
498.685
493.979
503.366
508.537
502.892
488.187
491.616
495.646
496.08
489.794
496.573
497.842
495.777
493.753
505.955
492.168
505.787
499.456
504.353
497.198
502.793
505.53
500.124
495.2
494.366
506.298
490.472
490.033
505.548
505.458
503.826
504.516
500.302
504.36
491.529
495.433
501.836
491.554
498.917
498.332
498.347
509.093
498.581
509.658
505.022
503.695
503.135
497.093
505.997
497.786
505.293
505.818
503.124
494.05
498.402
502.549
499.489
501.877
502.554
501.774
507.563
