504.219
506.057
497.137
499.923
497.565
498.284
507.852
499.373
503.783
503.199
497.797
507.613
502.949
490.158
492.804
505.687
495.77
494.77
497.335
490.309
488.313
507.017
499.499
516.909
505.972
497.292
486.084
504.103
498.694
498.909
513.293
497.193
496.272
495.315
493.583
497.403
497.453
494.656
494.025
500.144
496.301
485.313
493.289
491.774
500.418
499.777
504.751
504.255
518.357
497.859
502.704
502.31
514.448
504.162
503.739
488.916
497.629
502.731
509.818
501.435
501.6
503.061
507.861
505.18
