497.989
501.127
499.838
496.294
503.663
491.165
493.377
503.732
498.599
482.317
487.209
490.344
508.314
507.858
504.326
498.909
497.425
496.749
496.942
490.814
492.296
502.504
498.215
502.368
494.761
507.833
493.203
494.34
503.318
503.133
505.698
497.017
497.296
503.196
497.675
499.99
492.121
495.428
507.471
506.571
509.483
509.906
496.072
502.167
496.298
496.518
496.599
496.154
506.503
504.426
511.984
496.891
513.529
496.978
497.719
497.932
499.427
501.188
499.159
510.038
492.742
503.993
497.998
498.478
