502.491
497.758
511.371
498.412
504.454
506.441
511.398
504.542
505.693
499.298
488.994
500.854
497.658
495.205
491.556
491.432
494.665
495.398
492.234
493.275
499.875
498.441
493.266
512.872
513.041
493.696
492.172
508.74
500.294
503.485
508.757
500.244
495.194
507.715
503.319
502.091
512.132
504.129
499.55
493.205
501.878
496.958
494.409
500.044
497.805
496.001
497.865
501.623
508.093
497.933
502.415
501.67
496.045
502.247
508.145
498.22
501.358
493.643
503.155
505.802
492.116
494.117
503.478
508.53
