496.525
494.982
495.897
499.005
502.039
504.516
489.174
499.795
493.642
502.742
502.394
490.478
497.196
501.037
497.281
503.437
496.486
503.461
490.477
506.84
499.952
495.668
497.73
497.288
504.918
499.236
492.404
509.983
501.135
493.071
500.059
494.718
489.992
497.663
495.888
501.243
496.553
506.863
502.911
496.45
504.396
498.562
501.672
497.746
497.619
505.475
495.217
497.824
499.884
502.744
502.513
503.986
500.855
505.157
494.844
498.813
487.875
499.458
492.536
490.641
504.278
499.428
506.946
494.599
