496.578
504.415
497.962
498.995
491.732
504.685
510.313
501.246
507.423
503.008
508.356
499.216
503.435
498.274
509.62
491.595
500.936
506.948
494.997
498.649
501.088
496.424
493.448
505.487
497.36
504.087
498.84
507.066
507.443
506.157
490.296
491.546
500.025
502.915
505.975
500.526
503.273
497.916
489.422
501.629
497.353
502.533
497.085
498.829
494.449
492.021
502.14
496.53
501.619
500.301
509.752
492.178
495.718
501.358
501.533
501.31
505.277
504.239
501.177
507.81
506.11
495.654
500.388
496.907
