503.201
506.838
511.975
506.581
492.767
501.799
504.518
504.582
503.512
495.878
502.888
505.201
487.293
497.888
493.608
492.455
499.527
492.061
504.573
496.548
506.987
495.52
503.689
498.375
493.419
501.299
498.345
503.761
503.677
506.339
498.275
504.266
501.255
495.745
510.153
496.983
500.38
502.859
496.594
500.809
504.04
493.217
507.293
493.531
500.363
496.969
507.291
500.19
496.038
499.109
495.182
488.389
499.977
502.72
510.162
497.322
504.825
508.609
499.385
509.203
508.36
505.951
493.856
509.779
