499.745
506.537
495.495
501.224
491.121
495.641
509.836
506.437
507.58
503.93
499.653
498.813
495.013
494.807
502.169
501.543
507.208
495.4
498.326
506.86
505.576
495.092
501.405
507.21
501.404
502.659
513.16
500.068
498.143
498.121
499.802
501.039
507.002
490.874
502.265
498.404
509.078
505.77
503.695
500.83
497.204
510.155
500.635
496.171
490.363
492.621
505.632
505.818
496.083
500.024
500.452
500.011
487.211
499.976
501.34
501.045
498.359
506.266
496.65
492.336
504.437
488.839
507.71
493.791
