506.615
499.762
490.252
500.647
500.291
500.955
503.403
510.01
498.497
510.908
512.435
498.801
496.577
503.011
486.336
499.268
494.99
494.392
495.911
503.635
505.086
499.035
493.909
499.152
495.586
510.947
492.706
514.412
491.06
505.31
498.44
504.468
499.73
490.472
499.938
499.943
495.606
502.242
508.369
498.013
486.313
499.727
493.578
508.249
493.531
499.3
503.396
498.263
506.094
499.314
499.774
493.262
497.419
512.891
497.276
493.412
500.797
503.9
498.318
501.685
493.945
510.172
500.467
502.446
