504.417
505.032
501.955
514.715
499.122
506.134
500.289
493.415
494.27
491.124
493.472
499.382
508.979
498.55
502.839
498.612
492.493
502.194
494.612
501.356
494.11
499.062
496.188
485.278
505.585
499.998
496.945
504.758
508.365
495.713
493.981
499.713
501.667
505.717
507.211
506.42
488.013
504.81
498.909
492.344
490.796
506.364
497.082
508.588
498.419
508.225
496.162
490.319
498.591
497.436
494.496
490.317
497.68
500.002
496.495
498.045
496.896
499.378
508.061
504.702
498.087
513.782
500.052
508.866
