503.098
503.416
503.284
499.782
501.878
507.924
486.8
497.026
495.852
513.309
499.942
499.777
504.905
496.719
495.669
502.668
504.402
501.953
489.879
499.209
506.016
502.459
516.106
513.479
504.042
508.397
498.432
512.955
482.853
505.701
498.018
499.728
509.865
499.305
501.56
495.323
487.613
510.619
484.872
494.947
499.694
495.777
506.853
497.038
494.965
507.923
496.219
500.648
501.07
497.557
504.586
503.461
511.749
513.009
506.102
497.767
483.174
497.789
498.597
499.136
511.749
501.832
484.79
495.373
