496.803
502.777
497.069
502.023
503.792
506.342
497.278
498.429
502.872
502.082
502.481
510.251
505.946
490.714
508.423
497.715
502.39
501.351
505.835
492.075
494.477
514.603
495.868
503.643
501.26
499.627
500.641
500.707
494.861
503.773
504.63
495.422
500.026
510.636
506.666
502.944
500.423
500.131
498.333
506.078
501.294
496.079
494.819
497.051
512.516
500.372
511.869
497.957
493.829
490.895
501.477
500.268
503.382
493.32
496.655
494.006
503.208
496.664
508.925
500.598
501.748
505.853
501.822
497.524
