497.127
496.541
499.74
502.983
488.188
508.071
506.455
501.107
513.551
507.418
510.931
494.623
495.234
510.199
504.753
499.659
495.336
493.541
500.144
494.252
501.77
509.218
501.735
501.711
498.429
498.157
500.016
504.69
507.83
506.748
490.36
507.806
501.229
494.198
512.048
493.091
509.412
498.002
495.156
495.731
491.401
491.732
490.833
510.2
493.008
501.674
498.19
501.983
501.691
501.97
499.166
499.405
507.654
500.304
494.384
501.058
506.709
499.01
515.164
500.406
501.32
512.319
503.791
500.794
