504.233
498.496
506.875
493.406
496.772
499.57
489.316
507.713
503.609
498.495
499.117
506.789
495.994
498.769
505.812
496.804
494.764
507.45
505.136
491.903
506.43
499.439
499.908
493.321
497.219
501.767
507.823
503.787
502.337
502.249
501.309
506.5
503.259
500.034
512.378
504.189
505.972
499.158
491.934
497.938
504.941
500.742
494.303
497.866
502.74
505.237
501.763
501.432
500.528
502.758
500.085
513.079
499.641
488.319
501.538
500.953
500.031
506.942
495.987
508.226
500.176
506.928
499.728
492.284
