497.971
500.309
508.013
508.338
508.441
500.075
492.167
487.942
500.64
491.827
497.733
496.186
498.316
505.352
507.16
499.517
495.411
499.717
503.853
497.712
502.928
501.001
502.951
492.167
494.662
498.522
503.801
496.787
498.966
506.039
514.32
505.506
503.236
504.911
503.131
508.725
520.172
503.36
504.464
500.929
501.003
500.018
492.991
501.634
502.083
491.709
498.429
500.359
511.069
497.117
499.845
503.865
496.981
505.07
494.002
501.888
498.466
515.962
506.491
492.231
501.249
501.961
508.768
507.795
