491.512
501.075
500.818
492.449
501.821
499.096
498.625
505.607
493.266
503.569
498.594
496.728
497.435
505.05
501.346
497.713
508.601
489.336
504.617
495.533
511.088
493.347
494.701
494.322
500.425
513.826
488.015
502.621
502.379
499.88
500.402
508.654
503.359
506.136
493.038
509.946
497.943
506.435
494.974
502.853
496.298
501.118
502.826
505.295
497.012
499.816
492.908
494.182
498.386
493.384
504.445
495.694
495.156
500.755
493.696
505.973
501.771
503.472
499.28
511.76
501.035
508.388
490.167
502.106
