504.289
500.541
503.767
496.09
502.249
504.187
500.43
503.464
504.594
501.815
505.538
500.939
500.17
506.862
505.588
498.445
508.606
495.698
494.008
499.229
500.507
500.399
503.543
494.895
495.6
504.52
491.459
493.653
502.746
511.589
495.568
495.315
490.164
494.023
501.288
501.394
496.705
492.819
494.231
502.042
499.245
500.206
495.796
495.623
499.222
495.643
506.842
495.931
494.103
500.887
500.479
495.239
492.709
496.909
495.906
505.161
495.283
493.411
499.588
494.023
498.797
499.089
498.676
508.823
