496.47
503.378
491.487
498.766
502.828
493.092
500.637
496.531
502.486
512.399
488.73
494.986
498.235
493.249
497.988
508.549
502.518
497.824
509.394
497.71
504.417
494.403
502.927
499.151
499.433
501.649
500.171
500.096
502.537
489.814
500.476
498.21
503.71
496.496
496.136
505.225
504.722
495.846
495.844
498.125
498.847
500.616
503.733
499.978
500.596
496.85
497.087
501.852
507.224
500.952
503.918
501.431
500.593
495.961
490.041
499.892
505.496
509.708
502.106
504.112
502.176
501.58
496.791
506.369
