501.163
500.05
495.713
498.373
500.133
503.978
501.434
497.234
497.846
504.838
507.168
496.526
503.162
498.845
504.625
499.777
484.361
509.697
498.854
499.474
499.98
505.849
502.073
494.614
511.147
497.923
493.49
504.237
489.473
501.456
495.063
498.29
500.291
497.732
499.605
499.934
499.608
505.159
500.069
496.059
500.329
498.746
494.047
514.07
497.25
493.183
505.767
504.028
487.641
493.933
503.339
496.039
493.53
499.163
509.117
506.345
502.951
495.495
508.7
500.288
497.605
499.235
494.108
495.854
