496.879
499.784
507.778
493.158
492.081
506.492
499.852
505.313
503.528
494.727
499.169
502.738
497.78
485.031
494.049
497.922
497.643
501.965
492.789
494.653
507.88
499.837
508.841
512.288
491.194
508.819
493.557
497.793
495.515
504.963
503.198
495.473
499.575
500.995
499.587
502.461
506.738
497.726
494.967
500.103
492.567
494.89
495.279
503.329
508.025
486.31
502.925
500.28
499.257
494.152
499.274
496.713
503.709
494.354
498.913
503.538
491.883
501.749
500.694
496.45
500.307
501.053
498.277
482.018
