498.268
497.331
505.815
501.395
501.853
503.384
484.653
496.231
489.889
501.664
505.584
508.474
501.409
507.27
501.534
491.924
501.439
493.112
500.007
498.448
499.795
490.184
501.575
497.444
507.517
494.116
501.077
498.307
496.108
497.532
491.898
496.885
488.362
503.928
500.089
501.755
504.422
492.168
487.684
501.989
506.116
499.145
498.101
487.708
499.834
500.118
503.806
501.298
497.992
501.387
501.983
501.802
504.171
505.085
503.703
496.089
508.932
505.545
503.012
507.722
511.38
501.361
514.423
488.345
