508.956
492.402
503.275
499.703
506.872
493.701
502.086
491.251
505.695
498.842
502.067
504.714
500.586
496.556
507.596
502.931
498.862
505.552
495.943
495.34
485.218
496.692
495.354
505.599
507.189
490.674
513.652
505.876
490.949
501.649
479.109
502.355
500.401
499.38
500.984
499.556
497.875
500.411
502.574
505.736
498.788
495.321
492.593
512.711
501.75
497.622
493.616
503.087
495.912
501.518
497.932
497.716
506.535
510.842
503.409
501.836
506.359
505.552
491.873
500.755
493.692
508.632
502.072
500.876
