512.756
493.079
505.546
500.079
497.348
499.948
503.279
506.799
505.55
491.304
501.691
507.571
494.566
495.329
500.807
492.677
495.562
496.215
505.893
501.716
503.991
499.959
500.294
501.842
495.854
497.495
499.197
499.963
502.2
505.734
505.438
500.843
496.503
506.3
491.562
497.215
502.673
499.58
500.429
503.145
502.329
502.649
488.304
499.347
490.458
498.596
493.677
504.452
513.084
508.845
497.386
497.279
499.996
498.158
501.261
495.789
493.377
508.707
513.362
491.711
501.822
508.746
501.687
501.243
