504.852
508.072
495.057
505.314
509.749
502.133
502.559
511.17
501.752
491.415
496.973
499.213
501.411
504.142
505.941
495.122
499.918
501.654
511.332
509.977
496.044
489.741
505.177
496.126
486.133
496.176
497.807
496.986
503.482
500.323
493.212
508.38
497.588
494.838
496.017
488.346
499.683
493.585
506.056
502.716
482.048
517.281
507.321
513.739
511.797
498.716
508.297
503.252
494.855
499.664
505.624
504.3
508.043
497.279
496.277
493.301
498.732
502.611
499.497
492.345
493.603
504.026
493.355
499.282
