494.943
512.755
497.15
495.186
505.578
506.871
496.131
496.062
486.979
500.353
498.189
504.376
507.516
504.548
499.9
501.581
502.942
495.596
503.145
503.682
498.27
500.572
489.863
500.604
496.775
487.659
496.243
506.397
492.695
501.267
503.916
495.07
490.437
491.142
508.482
490.153
503
496.191
497.173
494.562
492.821
496.252
500.562
504.421
500.422
493.471
505.608
511.643
497.769
503.258
494.839
493.594
492.26
496.98
498.775
501.659
507.07
497.955
487.102
502.384
498.755
501.134
497.911
494.349
