506.763
498.526
494.972
495.753
501.948
495.275
505.123
493.323
494.121
494.455
501.862
503.786
501.194
502.766
496.665
495.162
498.364
497.77
499.903
508.857
495.647
493.637
495.175
506.161
492.794
502.888
489.53
505.703
498.607
490.953
502.147
498.146
503.037
503.555
493.842
498.588
504.841
501.333
508.443
501.08
496.084
499.083
504.325
511.092
507.043
516.616
496.435
504.344
499.204
494.494
500.471
498.367
499.481
496.72
505.144
505.841
502.487
498.894
495.223
515.011
503.744
505.528
502.724
492.864
