504.518
506.51
493.079
504.361
502.15
497.994
496.262
506.43
494.794
508.563
491.715
491.662
506.237
493.109
505.786
498.57
503.929
505.717
508.788
513.392
496.774
503.162
501.659
499.605
493.55
499.846
494.593
507.441
503.317
498.152
502.397
492.784
496.56
518.596
479.503
497.469
509.12
499.556
492.347
502.82
502.995
502.218
499.796
495.405
495.215
499.403
500.388
499.761
508.773
494.582
504.314
502.555
503.115
496.415
489.926
497.331
505.78
504.397
501.214
508.995
495.108
500.932
493.741
492.927
