488.313
495.302
510.546
498.689
494.122
512.504
503.584
513.199
497.223
490.385
484.351
515.14
507.836
503.134
503.236
498.131
501.71
494.372
503.612
500.686
506.281
498.027
497.677
495.823
503.97
504.457
495.635
497.999
489.797
506.087
511.306
501.094
501.836
498.946
483.515
502.949
498.569
505.555
499.699
498.061
513.846
499.51
498.538
495.048
506.97
506.389
505.364
500.859
503.405
495.184
493.773
502.011
503.015
505.641
499.093
509.629
504.458
497.698
504.174
507.327
498.053
496.806
499.129
502.961
