964.564
964.55
964.293
963.876
964.841
963.829
964.513
964.229
965.03
963.987
964.423
964.405
964.637
964.517
964.206
963.539
963.42
964.453
963.936
964.557
963.996
964.191
963.895
963.869
964.376
964.224
963.608
964.336
964.413
963.726
963.715
963.977
516.9
514.601
501.007
498.98
506.27
500.587
493.927
496.176
499.466
498.235
503.251
501.562
506.809
508.403
501.212
506.278
496.975
509.2
508.341
506.537
504.539
498.951
509.522
502.039
508.324
498.826
499.638
502.948
492.876
511.081
508.361
513.011
