963.916
963.519
964.13
964.156
963.364
963.644
964.516
963.844
964.061
963.841
963.564
963.875
963.687
963.872
963.947
964.391
963.928
964.192
964.036
964.689
963.549
963.797
964.308
963.588
964.799
963.628
964.616
964.071
965.156
963.588
964.159
963.768
485.967
503.959
497.483
499.287
520.582
499.174
514.064
505.163
506.429
507.653
504.001
511.927
492.786
515.709
494.319
513.897
497.297
498.121
503.098
513.822
494.746
507.651
510.769
501.564
514.239
503.216
500.073
507.613
522.371
497.907
493.383
508.893
