964.32
963.892
964.336
964.279
964.178
964.459
964.09
964.091
963.711
964.548
963.799
964.753
963.467
964.132
963.7
964.376
964.335
964.11
964.152
964.005
963.701
963.763
963.937
964.199
963.987
964.296
964.572
964.162
964.412
964.209
963.919
964.209
495.897
501.236
510.183
501.691
512.331
507.58
497.021
504.414
492.523
500.089
500.169
502.41
505.333
508.906
509.235
510.277
500.576
503.156
503.626
498.363
500.767
502.396
498.541
506.922
505.137
512.371
516.026
513.232
509.311
511.463
503.859
506.096
