964.608
964.139
964.089
964.454
964.097
964.069
964.467
964.053
963.307
964.292
964.47
963.672
964.702
963.959
963.727
963.531
964.088
963.942
964.488
964.633
964.638
963.837
963.994
964.14
964.106
964.695
963.547
964.046
963.687
963.918
963.554
963.75
499.532
502.229
506.854
508.364
514.538
503.213
495.882
500.249
506.863
496.758
504.687
502.634
512.207
493.528
503.917
494.06
504.009
514.156
491.868
507.36
505.479
501.254
516.807
506.33
508.149
500.614
500.008
501.157
491.093
503.223
501.985
513.925
