964.242
964.154
964.257
963.658
964.099
964.223
963.665
964.233
964.463
964.199
964.224
964.393
963.782
964.061
964.333
963.893
964.207
963.817
964.321
963.937
963.969
963.239
963.925
964.241
964.165
964.447
964.297
964.275
964.285
964.284
964.147
963.987
495.249
483.192
495.786
498.849
507.281
490.254
513.734
503.805
497.222
499.302
502.282
512.63
496.892
498.536
514.288
512.979
506.941
506.943
498.715
502.444
506.035
508.01
511.053
507.81
505.313
512.023
512.45
502.514
510.998
500.301
493.554
500.306
