964.108
964.248
964.171
964.444
964.114
964.313
963.746
964.285
963.474
963.955
963.586
964.019
963.651
964.155
963.724
964.167
964.645
964.509
964.354
963.907
964.397
964.799
964.099
964.12
963.916
964.175
964.169
964.282
963.65
963.986
964.618
964.071
489.839
501.414
499.849
508.759
505.067
512.788
512.381
500.254
502.711
494.556
506.879
513.645
506.271
495.804
512.914
509.767
490.108
492.937
502.53
515.825
501.345
499.56
509.946
513.507
512.155
503.26
501.685
501.862
518.6
499.9
499.537
498.602
