963.824
963.539
964.073
964.989
964.727
963.418
963.908
964.184
964.598
963.941
963.907
964.093
963.847
964.753
964.09
964.212
963.437
963.896
963.743
964.011
964.153
963.909
964.099
963.982
963.723
964.277
964.359
964.607
964.2
963.932
963.962
964.079
506.876
511.081
508.123
498.763
505.271
511.477
496.517
502.932
498.846
510.395
502.739
497.162
494.734
495.68
498.939
509.018
503.52
492.549
491.721
502.194
510.935
506.282
514.547
505.093
493.098
502.391
500.734
499.871
498.05
507.219
501.14
500.975
