963.949
963.846
963.598
963.832
964.481
963.933
964.522
964.282
964.21
964.595
963.798
963.883
964.276
963.727
963.967
963.854
964.569
964.189
963.834
963.879
963.986
964.316
963.605
964.313
963.841
964.33
964.021
964.692
964.025
964.205
964.072
965.014
499.652
508.656
510.9
509.068
496.109
502.57
503.724
520.537
508.454
509.673
506.716
513.244
510.164
508.858
485.042
505.623
495.398
500.195
518.249
503.782
493.807
489.075
505.606
497.042
494.127
503.254
507.11
506.807
496.124
516.829
505.059
503.03
