964.101
964.683
964.513
963.992
964.546
964.668
963.862
963.886
963.889
963.517
963.853
964.532
963.933
964.007
963.93
964.326
963.565
963.392
963.711
963.709
963.997
964.078
963.656
964.167
964.197
964.252
964.368
964.398
964.114
963.915
964.968
964.07
515.582
503.081
497.79
502.46
508.848
507.4
498.883
500.011
495.372
494.633
512.139
497.627
503.537
495.599
510.374
500.982
495.299
506.095
514.33
496.116
501.956
505.504
511.523
514.215
496.179
491.777
504.029
496.307
501.556
508.294
502.748
486.073
