964.145
964.095
964.095
964.182
963.899
964.237
964.496
963.869
963.842
963.737
964.101
964.055
963.524
964.262
964.182
964.338
964.26
964.318
964.484
963.969
964.292
964.341
963.881
964.083
964.249
964.39
964.274
964.025
964.206
964.266
964.465
963.743
502.683
506.225
504.803
502.574
499.533
498.178
499.626
513.77
519.722
504.835
504.845
501.04
501.952
503.104
507.761
507.991
513.645
519.229
503.929
508.858
497.057
514.604
512.357
501.183
512.337
494.335
495.052
496.614
512.461
510.561
501.05
501.668
