964.24
963.926
964.763
963.939
963.697
964.214
964.548
964.552
964.666
963.963
963.839
963.892
964.604
963.895
964.062
964.421
964.06
964.123
964.575
964.295
963.447
964.429
964.1
964.189
964.434
964.135
963.836
963.773
964.205
964.122
963.741
964.268
499.317
507.624
501.177
497.268
494.272
510.494
500.85
494.87
510.113
509.018
499.39
507.707
500.412
499.759
514.688
496.551
506.565
516.703
501.886
487.689
522.995
503.019
505.035
484.496
509.102
499.907
501.364
497.459
508.068
508.197
486.722
508.918
