964.048
964.252
964.278
963.976
964.017
964.501
963.847
964.375
964.068
963.949
963.835
963.992
964.171
964.151
964.215
963.96
964.443
964.06
964.282
963.826
964.421
964.325
964.11
964.138
964.369
963.986
964.647
964.715
963.689
963.904
964.112
964.271
490.466
495.34
495.519
505.12
501.071
494.28
505.476
506.677
511.249
494.91
495.216
509.149
513.079
500.372
511.517
513.272
500.983
504.011
505.064
505.398
495.5
493.231
503.613
507.13
495.006
492.497
485.963
502.788
504.22
507.349
490.728
500.111
