964.387
963.835
963.897
964.105
963.402
964.142
964.023
964.279
963.845
964.558
964.242
963.932
964.075
964.061
964.403
963.271
963.938
964.048
964.126
963.959
963.84
963.629
964.21
964.013
964.049
963.879
963.601
963.974
963.937
963.636
964.448
964.126
502.641
514.115
493.769
503.136
505.49
492.459
507.404
519.598
490.777
504.486
502.678
515.401
498.508
514.61
502.615
494.265
503.565
500.982
515.048
502.505
510.992
486.251
502.305
504.647
500.721
502.509
500.399
517.185
498.406
511.673
506.635
501.467
