964.273
964.364
964.08
963.701
964.046
963.942
963.556
963.907
963.874
964.54
964.234
963.316
963.989
964.221
964.14
964.404
963.945
964.831
963.844
964.555
964.15
963.8
963.561
964.356
964.573
964.547
963.804
963.93
964.289
964.372
963.402
964.587
507.663
488.889
511.641
496.037
490.052
504.358
495.825
511.473
503.898
501.986
505.729
507.046
515.137
494.11
516.847
513.751
499.382
515.684
505.257
499.489
513.502
499.282
501.895
499.911
505.216
498.284
502.925
502.456
514.366
515.652
513.145
509.181
