964.057
964.452
964.465
964.554
963.943
963.906
963.941
963.741
963.793
963.506
963.988
964.266
963.935
963.529
964.549
964.384
964.013
964.285
963.944
963.256
964.039
964.845
964.475
964.36
963.622
963.935
964.255
963.737
964.178
963.717
963.473
964.384
502.351
491.754
493.18
509.651
499.301
501.672
498.136
502.277
513.55
507.778
505.761
494.233
499.497
505.357
490.223
511.542
494.775
510.011
504.043
514.371
509.69
498.237
499.136
513.879
511.647
504.444
490.516
497.12
504.151
499.593
502.032
509.897
