964.405
963.33
964.157
963.91
964.161
963.972
963.865
964.235
964.595
964.619
964.183
964.336
963.616
964.234
963.609
964.484
963.78
964.505
964.555
963.787
963.879
964.23
963.925
964.132
963.633
963.693
963.974
964.073
963.812
964.122
963.925
964.068
501.89
501.103
516.364
506.021
502.35
527.399
503.731
499.83
510.567
500.632
503.791
495.723
513.726
505.407
487.744
507.732
499.747
507.097
505.715
507.658
507.792
496.473
514.881
502.666
512.116
511.77
507.31
506.76
496.74
503.134
503.431
502.569
