963.924
963.833
964.225
964.458
963.293
964.268
964.625
963.139
964.471
963.888
964.178
964.581
964.607
964.745
964.084
963.509
964.28
963.737
963.983
963.87
963.768
963.958
963.865
964.282
964.122
964.501
963.609
963.917
964.409
964.207
964.024
964.351
504.194
495.591
513.269
510.728
490.89
513.855
521.095
509.501
506.417
506.917
502.825
500.8
498.633
509.21
514.31
500.2
510.096
510.992
494.407
509.482
496.937
501.72
505.349
506.695
498.873
505.184
499.049
504.864
502.244
495.294
506.29
509.194
