964.449
963.721
963.438
963.979
964.725
964.265
963.907
963.956
963.682
964.041
964.923
963.733
964.718
963.866
963.6
963.9
963.989
964.295
964.014
964.256
964.122
963.748
963.247
963.486
964.076
964.26
964.445
963.726
964.443
964.272
964.048
964.309
495.029
500.149
493.761
507.203
508.172
508.537
491.297
503.928
501.27
502.355
498.607
494.788
503.166
501.871
514.609
503.56
492.006
497.832
505.459
492.625
503.709
497.599
499.253
496.469
505.578
501.923
504.141
495.353
507.071
521.203
500.616
504.975
