964.037
964.272
963.563
963.847
963.814
963.835
964.559
963.869
964.609
964.152
964.3
963.616
963.666
963.543
963.922
964.224
964.022
964.42
964.285
963.594
963.815
964.307
964.031
963.651
964.261
963.821
963.582
963.862
963.81
964.394
963.868
964.176
507.269
501.418
508.106
499.849
498.976
498.033
512.61
498.656
512.788
496.466
509.477
507.619
503.415
502.564
501.241
509.994
504.804
493.335
494.019
502.484
496.26
518.342
502.296
505.289
503.318
509.604
499.197
502.084
496.483
501.674
509.033
518.272
