963.715
964.586
964.108
964.006
964.675
964.344
964.124
964.427
964.191
963.749
964.078
964.544
963.629
964.155
963.819
963.922
964.047
963.96
964.336
963.978
964.652
964.144
963.975
964.006
964.005
963.659
964.413
963.949
964.238
964.492
964.061
963.406
502.63
526.99
523.498
503.286
504.79
510.419
505.098
513.539
508.198
506.772
500.679
502.511
500.583
508.724
512.294
490.452
505.995
503.45
497.827
513.427
503.089
497.389
508.318
505.207
502.97
506.244
494.173
503.858
498.992
502.662
512.856
507.828
