963.633
963.687
964.343
964.175
963.949
963.472
964.25
963.823
963.927
964.332
964.606
964.223
964.226
964.442
964.529
963.874
963.814
963.831
964.486
963.982
963.669
963.936
963.689
963.848
963.713
964.21
963.875
963.789
963.241
964.097
964.43
963.903
505.506
502.505
495.861
495.402
510.311
511.094
511.695
501.929
502.636
495.025
506.374
510.576
509.689
504.267
506.478
502.221
505.104
501.537
505.992
500.367
502.65
493.977
504.223
502.903
497.085
510.321
495.316
507.176
489.009
498.531
515.435
494.252
