964.328
963.495
963.905
964.335
963.55
963.374
963.687
963.695
964.327
963.862
964.585
963.864
963.793
964.113
964.099
963.718
964.401
964.348
963.175
963.556
963.681
964.346
963.391
964.071
964.141
964.057
964.582
963.885
964.234
963.609
963.954
964.002
496.112
492.456
509.8
511.074
505.649
506.738
510.411
512.073
494.582
504.988
495.699
503.648
502.782
504.739
496.629
514.876
501.604
503.713
501.083
507.004
502.633
505.672
494.091
500.282
498.384
498.245
503.404
507.119
514.522
503.467
496.391
502.201
