964.436
964.138
964.675
963.665
964.285
964.125
964.651
964.085
963.824
964.188
963.76
963.767
964.39
964.24
963.965
964.024
963.772
963.635
963.9
963.447
964.509
963.962
963.906
964.217
963.692
964.096
964.041
964.818
964.265
964.014
963.63
963.998
506.691
507.008
506.648
505.334
504.34
512.167
504.466
510.267
496.362
507.017
512.368
505.786
503.909
500.765
497.669
511.257
497.908
497.562
498.526
515.147
511.195
510.43
496.855
513.436
504.47
503.013
496.566
505.362
511.387
492.696
512.507
506.679
