963.798
964.291
963.379
964.23
964.517
964.352
964.127
963.731
963.963
964.321
964.444
964.325
963.789
963.813
964.133
963.882
963.723
964.027
963.643
963.855
964.186
964.151
964.297
964.228
964.127
963.508
964.916
963.999
964.321
964.172
963.941
964.214
495.025
508.194
508.149
494.235
496.095
495.297
509.086
509.907
502.112
494.853
497.05
510.816
500.743
509.674
497.655
505.006
497.721
499.457
509.064
511.522
507.496
488.843
496.722
497.961
511.864
502.361
498.351
502.739
513.822
499.718
510.431
506.943
