964.193
964.054
964.194
964.146
964.033
963.919
964.225
963.615
963.82
964.802
964.627
963.917
964.844
964.496
964.397
963.752
963.992
964.16
964.566
964.016
964.028
964.425
964.202
964.073
963.461
963.609
964.598
963.608
964.576
963.882
963.788
964.299
494.928
501.905
490.937
519.669
512.377
500.913
500.608
503.68
514.062
513.353
504.976
506.52
507.38
511.187
494.353
503.15
516.068
501.016
498.468
496.347
532.245
501.828
511.887
508.068
514.801
500.948
502.897
487.794
492.884
498.3
503.189
501.764
