963.679
964.208
964.357
963.372
963.815
964.36
964.202
964.566
964.372
963.879
963.738
964.095
964.013
964.149
964.146
963.935
964.119
963.785
964.242
964.413
964.063
963.721
964.061
964.295
964.419
964.229
964.014
964.128
964.374
964.197
964.071
963.589
505.97
505.752
503.189
499.103
496.397
507.703
504.239
507.811
498.202
505.954
498.061
519.56
502.734
503.549
499.655
500.676
517.881
503.1
512.679
491.075
510.57
507.997
497.394
500.268
506.879
503.143
513.232
502.966
512.11
506.149
494.616
502.49
