964.478
964.306
963.728
964.05
963.938
963.689
963.842
963.874
964.049
964.239
964.399
963.885
964.406
963.556
963.76
964.021
964.104
964.883
964.586
963.49
964.14
964.048
964.861
964.032
964.023
964.155
964.393
964.135
963.964
963.537
963.857
964.549
516.526
495.926
505.85
501.161
508.968
503.896
500.238
503.273
504.883
516.149
499.021
504.741
503.803
502.624
507.217
511.335
501.67
518.253
492.375
498.109
510.808
496.781
503.114
512.823
502.845
508.511
497.08
505.729
500.205
503.193
511.726
503.209
