964.779
964.124
964.349
963.616
964.429
963.834
964.069
963.953
964.018
964.133
963.663
964.09
964.542
963.577
964.546
964.025
963.508
964.032
963.966
964.888
964.093
963.674
963.915
963.881
963.987
963.571
964.193
963.832
964.45
964.207
964.358
964.605
502.703
507.718
502.284
512.63
501.531
505.296
502.227
492.211
497.508
510.244
495.927
511.434
504.456
506.719
508.557
502.28
508.025
509.724
498.451
513.621
510.531
510.047
509.202
501.468
498.003
504.28
499.133
504.114
506.955
512.19
507.274
498.851
