964.43
964.312
963.711
964.471
964.077
964.399
964.022
963.855
963.912
964.296
964.636
963.976
963.726
963.962
963.616
963.57
963.887
963.898
963.929
964.654
963.487
964.186
964.163
964.449
964.365
964.321
964.376
964.171
963.212
964.516
964.147
963.854
508.295
506.973
501.205
507.352
502.228
504.51
517.628
493.84
486.748
504.386
502.264
523.235
498.534
505.334
504.272
503.678
508.282
498.86
513.908
506.311
499.749
498.736
503.069
495.378
499.63
501.362
493.251
513.252
504.284
509.862
511.831
499.499
