963.653
964.465
964.013
964.708
963.917
964.069
963.876
964.267
964.513
964.066
964.354
964.7
964.034
963.903
963.879
964.009
963.521
964.444
964.222
964.304
964.874
963.89
964.093
963.575
964.538
964.298
963.602
964.852
964.044
963.566
964.364
964.179
503.256
507.604
495.839
499.133
498.889
507.676
505.567
502.526
509.767
494.433
492.687
501.941
508.884
509.354
491.938
493.446
506.363
503.909
495.071
497.789
504.167
501.051
491.194
502.03
494.506
503.42
501.586
501.668
504.273
494.774
501.735
511.838
